	hainan	hubei	yunnan	guangdong	jiangsu	zhejiang	hunan	sichuan	shaanxi	heilongjiang	jiangxi	henan	shanxi	tibet	anhui	guizhou	shanghai	ningxia	california	missouri	cambodia	sweden	australia	greece	belgium	burkina_faso	united_kingdom
hainan	0.53565068	0.53565068	0.53565068	0.53565068	0.53565068	0.53565068	0.53565068	0.53565068	0.53565068	0.53565068	0.53565068	0.53565068	0.53565068	0.53565068	0.53565068	0.53565068	0.53565068	0.53565068	0.53565068	0.53565068	0.53565068	0.53565068	0.53565068	0.53565068	0.53565068	0.53565068	0.53565068
hubei	0.11372959	0.11372959	0.11372959	0.11372959	0.11372959	0.11372959	0.11372959	0.11372959	0.11372959	0.11372959	0.11372959	0.11372959	0.11372959	0.11372959	0.11372959	0.11372959	0.11372959	0.11372959	0.11372959	0.11372959	0.11372959	0.11372959	0.11372959	0.11372959	0.11372959	0.11372959	0.11372959
yunnan	0.90181841	0.90181841	0.90181841	0.90181841	0.90181841	0.90181841	0.90181841	0.90181841	0.90181841	0.90181841	0.90181841	0.90181841	0.90181841	0.90181841	0.90181841	0.90181841	0.90181841	0.90181841	0.90181841	0.90181841	0.90181841	0.90181841	0.90181841	0.90181841	0.90181841	0.90181841	0.90181841
guangdong	1.09604937	1.09604937	1.09604937	1.09604937	1.09604937	1.09604937	1.09604937	1.09604937	1.09604937	1.09604937	1.09604937	1.09604937	1.09604937	1.09604937	1.09604937	1.09604937	1.09604937	1.09604937	1.09604937	1.09604937	1.09604937	1.09604937	1.09604937	1.09604937	1.09604937	1.09604937	1.09604937
jiangsu	0.38403439	0.38403439	0.38403439	0.38403439	0.38403439	0.38403439	0.38403439	0.38403439	0.38403439	0.38403439	0.38403439	0.38403439	0.38403439	0.38403439	0.38403439	0.38403439	0.38403439	0.38403439	0.38403439	0.38403439	0.38403439	0.38403439	0.38403439	0.38403439	0.38403439	0.38403439	0.38403439
zhejiang	0.67038378	0.67038378	0.67038378	0.67038378	0.67038378	0.67038378	0.67038378	0.67038378	0.67038378	0.67038378	0.67038378	0.67038378	0.67038378	0.67038378	0.67038378	0.67038378	0.67038378	0.67038378	0.67038378	0.67038378	0.67038378	0.67038378	0.67038378	0.67038378	0.67038378	0.67038378	0.67038378
hunan	0.84797180	0.84797180	0.84797180	0.84797180	0.84797180	0.84797180	0.84797180	0.84797180	0.84797180	0.84797180	0.84797180	0.84797180	0.84797180	0.84797180	0.84797180	0.84797180	0.84797180	0.84797180	0.84797180	0.84797180	0.84797180	0.84797180	0.84797180	0.84797180	0.84797180	0.84797180	0.84797180
sichuan	0.79161981	0.79161981	0.79161981	0.79161981	0.79161981	0.79161981	0.79161981	0.79161981	0.79161981	0.79161981	0.79161981	0.79161981	0.79161981	0.79161981	0.79161981	0.79161981	0.79161981	0.79161981	0.79161981	0.79161981	0.79161981	0.79161981	0.79161981	0.79161981	0.79161981	0.79161981	0.79161981
shaanxi	-0.72591379	-0.72591379	-0.72591379	-0.72591379	-0.72591379	-0.72591379	-0.72591379	-0.72591379	-0.72591379	-0.72591379	-0.72591379	-0.72591379	-0.72591379	-0.72591379	-0.72591379	-0.72591379	-0.72591379	-0.72591379	-0.72591379	-0.72591379	-0.72591379	-0.72591379	-0.72591379	-0.72591379	-0.72591379	-0.72591379	-0.72591379
heilongjiang	0.21068927	0.21068927	0.21068927	0.21068927	0.21068927	0.21068927	0.21068927	0.21068927	0.21068927	0.21068927	0.21068927	0.21068927	0.21068927	0.21068927	0.21068927	0.21068927	0.21068927	0.21068927	0.21068927	0.21068927	0.21068927	0.21068927	0.21068927	0.21068927	0.21068927	0.21068927	0.21068927
jiangxi	0.95337297	0.95337297	0.95337297	0.95337297	0.95337297	0.95337297	0.95337297	0.95337297	0.95337297	0.95337297	0.95337297	0.95337297	0.95337297	0.95337297	0.95337297	0.95337297	0.95337297	0.95337297	0.95337297	0.95337297	0.95337297	0.95337297	0.95337297	0.95337297	0.95337297	0.95337297	0.95337297
henan	0.00832842	0.00832842	0.00832842	0.00832842	0.00832842	0.00832842	0.00832842	0.00832842	0.00832842	0.00832842	0.00832842	0.00832842	0.00832842	0.00832842	0.00832842	0.00832842	0.00832842	0.00832842	0.00832842	0.00832842	0.00832842	0.00832842	0.00832842	0.00832842	0.00832842	0.00832842	0.00832842
shanxi	-0.53918346	-0.53918346	-0.53918346	-0.53918346	-0.53918346	-0.53918346	-0.53918346	-0.53918346	-0.53918346	-0.53918346	-0.53918346	-0.53918346	-0.53918346	-0.53918346	-0.53918346	-0.53918346	-0.53918346	-0.53918346	-0.53918346	-0.53918346	-0.53918346	-0.53918346	-0.53918346	-0.53918346	-0.53918346	-0.53918346	-0.53918346
tibet	-0.10712550	-0.10712550	-0.10712550	-0.10712550	-0.10712550	-0.10712550	-0.10712550	-0.10712550	-0.10712550	-0.10712550	-0.10712550	-0.10712550	-0.10712550	-0.10712550	-0.10712550	-0.10712550	-0.10712550	-0.10712550	-0.10712550	-0.10712550	-0.10712550	-0.10712550	-0.10712550	-0.10712550	-0.10712550	-0.10712550	-0.10712550
anhui	0.73251787	0.73251787	0.73251787	0.73251787	0.73251787	0.73251787	0.73251787	0.73251787	0.73251787	0.73251787	0.73251787	0.73251787	0.73251787	0.73251787	0.73251787	0.73251787	0.73251787	0.73251787	0.73251787	0.73251787	0.73251787	0.73251787	0.73251787	0.73251787	0.73251787	0.73251787	0.73251787
guizhou	1.00282267	1.00282267	1.00282267	1.00282267	1.00282267	1.00282267	1.00282267	1.00282267	1.00282267	1.00282267	1.00282267	1.00282267	1.00282267	1.00282267	1.00282267	1.00282267	1.00282267	1.00282267	1.00282267	1.00282267	1.00282267	1.00282267	1.00282267	1.00282267	1.00282267	1.00282267	1.00282267
shanghai	0.30045992	0.30045992	0.30045992	0.30045992	0.30045992	0.30045992	0.30045992	0.30045992	0.30045992	0.30045992	0.30045992	0.30045992	0.30045992	0.30045992	0.30045992	0.30045992	0.30045992	0.30045992	0.30045992	0.30045992	0.30045992	0.30045992	0.30045992	0.30045992	0.30045992	0.30045992	0.30045992
ningxia	0.60488948	0.60488948	0.60488948	0.60488948	0.60488948	0.60488948	0.60488948	0.60488948	0.60488948	0.60488948	0.60488948	0.60488948	0.60488948	0.60488948	0.60488948	0.60488948	0.60488948	0.60488948	0.60488948	0.60488948	0.60488948	0.60488948	0.60488948	0.60488948	0.60488948	0.60488948	0.60488948
california	-0.23475390	-0.23475390	-0.23475390	-0.23475390	-0.23475390	-0.23475390	-0.23475390	-0.23475390	-0.23475390	-0.23475390	-0.23475390	-0.23475390	-0.23475390	-0.23475390	-0.23475390	-0.23475390	-0.23475390	-0.23475390	-0.23475390	-0.23475390	-0.23475390	-0.23475390	-0.23475390	-0.23475390	-0.23475390	-0.23475390	-0.23475390
missouri	-0.37743030	-0.37743030	-0.37743030	-0.37743030	-0.37743030	-0.37743030	-0.37743030	-0.37743030	-0.37743030	-0.37743030	-0.37743030	-0.37743030	-0.37743030	-0.37743030	-0.37743030	-0.37743030	-0.37743030	-0.37743030	-0.37743030	-0.37743030	-0.37743030	-0.37743030	-0.37743030	-0.37743030	-0.37743030	-0.37743030	-0.37743030
cambodia	1.05033265	1.05033265	1.05033265	1.05033265	1.05033265	1.05033265	1.05033265	1.05033265	1.05033265	1.05033265	1.05033265	1.05033265	1.05033265	1.05033265	1.05033265	1.05033265	1.05033265	1.05033265	1.05033265	1.05033265	1.05033265	1.05033265	1.05033265	1.05033265	1.05033265	1.05033265	1.05033265
sweden	-0.94676888	-0.94676888	-0.94676888	-0.94676888	-0.94676888	-0.94676888	-0.94676888	-0.94676888	-0.94676888	-0.94676888	-0.94676888	-0.94676888	-0.94676888	-0.94676888	-0.94676888	-0.94676888	-0.94676888	-0.94676888	-0.94676888	-0.94676888	-0.94676888	-0.94676888	-0.94676888	-0.94676888	-0.94676888	-0.94676888	-0.94676888
australia	-2.89636043	-2.89636043	-2.89636043	-2.89636043	-2.89636043	-2.89636043	-2.89636043	-2.89636043	-2.89636043	-2.89636043	-2.89636043	-2.89636043	-2.89636043	-2.89636043	-2.89636043	-2.89636043	-2.89636043	-2.89636043	-2.89636043	-2.89636043	-2.89636043	-2.89636043	-2.89636043	-2.89636043	-2.89636043	-2.89636043	-2.89636043
greece	-1.21707368	-1.21707368	-1.21707368	-1.21707368	-1.21707368	-1.21707368	-1.21707368	-1.21707368	-1.21707368	-1.21707368	-1.21707368	-1.21707368	-1.21707368	-1.21707368	-1.21707368	-1.21707368	-1.21707368	-1.21707368	-1.21707368	-1.21707368	-1.21707368	-1.21707368	-1.21707368	-1.21707368	-1.21707368	-1.21707368	-1.21707368
belgium	-2.05671705	-2.05671705	-2.05671705	-2.05671705	-2.05671705	-2.05671705	-2.05671705	-2.05671705	-2.05671705	-2.05671705	-2.05671705	-2.05671705	-2.05671705	-2.05671705	-2.05671705	-2.05671705	-2.05671705	-2.05671705	-2.05671705	-2.05671705	-2.05671705	-2.05671705	-2.05671705	-2.05671705	-2.05671705	-2.05671705	-2.05671705
burkina_faso	0.46221308	0.46221308	0.46221308	0.46221308	0.46221308	0.46221308	0.46221308	0.46221308	0.46221308	0.46221308	0.46221308	0.46221308	0.46221308	0.46221308	0.46221308	0.46221308	0.46221308	0.46221308	0.46221308	0.46221308	0.46221308	0.46221308	0.46221308	0.46221308	0.46221308	0.46221308	0.46221308
united_kingdom	-1.56555716	-1.56555716	-1.56555716	-1.56555716	-1.56555716	-1.56555716	-1.56555716	-1.56555716	-1.56555716	-1.56555716	-1.56555716	-1.56555716	-1.56555716	-1.56555716	-1.56555716	-1.56555716	-1.56555716	-1.56555716	-1.56555716	-1.56555716	-1.56555716	-1.56555716	-1.56555716	-1.56555716	-1.56555716	-1.56555716	-1.56555716
