	hainan	hubei	yunnan	guangdong	jiangsu	zhejiang	hunan	sichuan	shaanxi	heilongjiang	jiangxi	henan	shanxi	tibet	anhui	guizhou	shanghai	ningxia	california	missouri	cambodia	sweden	australia	greece	belgium	burkina_faso	united_kingdom
hainan	-1.09907564	-1.09907564	-1.09907564	-1.09907564	-1.09907564	-1.09907564	-1.09907564	-1.09907564	-1.09907564	-1.09907564	-1.09907564	-1.09907564	-1.09907564	-1.09907564	-1.09907564	-1.09907564	-1.09907564	-1.09907564	-1.09907564	-1.09907564	-1.09907564	-1.09907564	-1.09907564	-1.09907564	-1.09907564	-1.09907564	-1.09907564
hubei	0.45628750	0.45628750	0.45628750	0.45628750	0.45628750	0.45628750	0.45628750	0.45628750	0.45628750	0.45628750	0.45628750	0.45628750	0.45628750	0.45628750	0.45628750	0.45628750	0.45628750	0.45628750	0.45628750	0.45628750	0.45628750	0.45628750	0.45628750	0.45628750	0.45628750	0.45628750	0.45628750
yunnan	-0.03840844	-0.03840844	-0.03840844	-0.03840844	-0.03840844	-0.03840844	-0.03840844	-0.03840844	-0.03840844	-0.03840844	-0.03840844	-0.03840844	-0.03840844	-0.03840844	-0.03840844	-0.03840844	-0.03840844	-0.03840844	-0.03840844	-0.03840844	-0.03840844	-0.03840844	-0.03840844	-0.03840844	-0.03840844	-0.03840844	-0.03840844
guangdong	1.11641635	1.11641635	1.11641635	1.11641635	1.11641635	1.11641635	1.11641635	1.11641635	1.11641635	1.11641635	1.11641635	1.11641635	1.11641635	1.11641635	1.11641635	1.11641635	1.11641635	1.11641635	1.11641635	1.11641635	1.11641635	1.11641635	1.11641635	1.11641635	1.11641635	1.11641635	1.11641635
jiangsu	1.09088882	1.09088882	1.09088882	1.09088882	1.09088882	1.09088882	1.09088882	1.09088882	1.09088882	1.09088882	1.09088882	1.09088882	1.09088882	1.09088882	1.09088882	1.09088882	1.09088882	1.09088882	1.09088882	1.09088882	1.09088882	1.09088882	1.09088882	1.09088882	1.09088882	1.09088882	1.09088882
zhejiang	0.76894808	0.76894808	0.76894808	0.76894808	0.76894808	0.76894808	0.76894808	0.76894808	0.76894808	0.76894808	0.76894808	0.76894808	0.76894808	0.76894808	0.76894808	0.76894808	0.76894808	0.76894808	0.76894808	0.76894808	0.76894808	0.76894808	0.76894808	0.76894808	0.76894808	0.76894808	0.76894808
hunan	0.36409666	0.36409666	0.36409666	0.36409666	0.36409666	0.36409666	0.36409666	0.36409666	0.36409666	0.36409666	0.36409666	0.36409666	0.36409666	0.36409666	0.36409666	0.36409666	0.36409666	0.36409666	0.36409666	0.36409666	0.36409666	0.36409666	0.36409666	0.36409666	0.36409666	0.36409666	0.36409666
sichuan	0.51406339	0.51406339	0.51406339	0.51406339	0.51406339	0.51406339	0.51406339	0.51406339	0.51406339	0.51406339	0.51406339	0.51406339	0.51406339	0.51406339	0.51406339	0.51406339	0.51406339	0.51406339	0.51406339	0.51406339	0.51406339	0.51406339	0.51406339	0.51406339	0.51406339	0.51406339	0.51406339
shaanxi	0.05350152	0.05350152	0.05350152	0.05350152	0.05350152	0.05350152	0.05350152	0.05350152	0.05350152	0.05350152	0.05350152	0.05350152	0.05350152	0.05350152	0.05350152	0.05350152	0.05350152	0.05350152	0.05350152	0.05350152	0.05350152	0.05350152	0.05350152	0.05350152	0.05350152	0.05350152	0.05350152
heilongjiang	-0.53742349	-0.53742349	-0.53742349	-0.53742349	-0.53742349	-0.53742349	-0.53742349	-0.53742349	-0.53742349	-0.53742349	-0.53742349	-0.53742349	-0.53742349	-0.53742349	-0.53742349	-0.53742349	-0.53742349	-0.53742349	-0.53742349	-0.53742349	-0.53742349	-0.53742349	-0.53742349	-0.53742349	-0.53742349	-0.53742349	-0.53742349
jiangxi	0.02403869	0.02403869	0.02403869	0.02403869	0.02403869	0.02403869	0.02403869	0.02403869	0.02403869	0.02403869	0.02403869	0.02403869	0.02403869	0.02403869	0.02403869	0.02403869	0.02403869	0.02403869	0.02403869	0.02403869	0.02403869	0.02403869	0.02403869	0.02403869	0.02403869	0.02403869	0.02403869
henan	0.50079556	0.50079556	0.50079556	0.50079556	0.50079556	0.50079556	0.50079556	0.50079556	0.50079556	0.50079556	0.50079556	0.50079556	0.50079556	0.50079556	0.50079556	0.50079556	0.50079556	0.50079556	0.50079556	0.50079556	0.50079556	0.50079556	0.50079556	0.50079556	0.50079556	0.50079556	0.50079556
shanxi	-0.20184819	-0.20184819	-0.20184819	-0.20184819	-0.20184819	-0.20184819	-0.20184819	-0.20184819	-0.20184819	-0.20184819	-0.20184819	-0.20184819	-0.20184819	-0.20184819	-0.20184819	-0.20184819	-0.20184819	-0.20184819	-0.20184819	-0.20184819	-0.20184819	-0.20184819	-0.20184819	-0.20184819	-0.20184819	-0.20184819	-0.20184819
tibet	-1.90963268	-1.90963268	-1.90963268	-1.90963268	-1.90963268	-1.90963268	-1.90963268	-1.90963268	-1.90963268	-1.90963268	-1.90963268	-1.90963268	-1.90963268	-1.90963268	-1.90963268	-1.90963268	-1.90963268	-1.90963268	-1.90963268	-1.90963268	-1.90963268	-1.90963268	-1.90963268	-1.90963268	-1.90963268	-1.90963268	-1.90963268
anhui	0.32550844	0.32550844	0.32550844	0.32550844	0.32550844	0.32550844	0.32550844	0.32550844	0.32550844	0.32550844	0.32550844	0.32550844	0.32550844	0.32550844	0.32550844	0.32550844	0.32550844	0.32550844	0.32550844	0.32550844	0.32550844	0.32550844	0.32550844	0.32550844	0.32550844	0.32550844	0.32550844
guizhou	-0.29222159	-0.29222159	-0.29222159	-0.29222159	-0.29222159	-0.29222159	-0.29222159	-0.29222159	-0.29222159	-0.29222159	-0.29222159	-0.29222159	-0.29222159	-0.29222159	-0.29222159	-0.29222159	-0.29222159	-0.29222159	-0.29222159	-0.29222159	-0.29222159	-0.29222159	-0.29222159	-0.29222159	-0.29222159	-0.29222159	-0.29222159
shanghai	0.37407922	0.37407922	0.37407922	0.37407922	0.37407922	0.37407922	0.37407922	0.37407922	0.37407922	0.37407922	0.37407922	0.37407922	0.37407922	0.37407922	0.37407922	0.37407922	0.37407922	0.37407922	0.37407922	0.37407922	0.37407922	0.37407922	0.37407922	0.37407922	0.37407922	0.37407922	0.37407922
ningxia	-1.38053456	-1.38053456	-1.38053456	-1.38053456	-1.38053456	-1.38053456	-1.38053456	-1.38053456	-1.38053456	-1.38053456	-1.38053456	-1.38053456	-1.38053456	-1.38053456	-1.38053456	-1.38053456	-1.38053456	-1.38053456	-1.38053456	-1.38053456	-1.38053456	-1.38053456	-1.38053456	-1.38053456	-1.38053456	-1.38053456	-1.38053456
california	1.67820463	1.67820463	1.67820463	1.67820463	1.67820463	1.67820463	1.67820463	1.67820463	1.67820463	1.67820463	1.67820463	1.67820463	1.67820463	1.67820463	1.67820463	1.67820463	1.67820463	1.67820463	1.67820463	1.67820463	1.67820463	1.67820463	1.67820463	1.67820463	1.67820463	1.67820463	1.67820463
missouri	-0.01820478	-0.01820478	-0.01820478	-0.01820478	-0.01820478	-0.01820478	-0.01820478	-0.01820478	-0.01820478	-0.01820478	-0.01820478	-0.01820478	-0.01820478	-0.01820478	-0.01820478	-0.01820478	-0.01820478	-0.01820478	-0.01820478	-0.01820478	-0.01820478	-0.01820478	-0.01820478	-0.01820478	-0.01820478	-0.01820478	-0.01820478
cambodia	-1.84305797	-1.84305797	-1.84305797	-1.84305797	-1.84305797	-1.84305797	-1.84305797	-1.84305797	-1.84305797	-1.84305797	-1.84305797	-1.84305797	-1.84305797	-1.84305797	-1.84305797	-1.84305797	-1.84305797	-1.84305797	-1.84305797	-1.84305797	-1.84305797	-1.84305797	-1.84305797	-1.84305797	-1.84305797	-1.84305797	-1.84305797
sweden	0.17565519	0.17565519	0.17565519	0.17565519	0.17565519	0.17565519	0.17565519	0.17565519	0.17565519	0.17565519	0.17565519	0.17565519	0.17565519	0.17565519	0.17565519	0.17565519	0.17565519	0.17565519	0.17565519	0.17565519	0.17565519	0.17565519	0.17565519	0.17565519	0.17565519	0.17565519	0.17565519
australia	1.00836698	1.00836698	1.00836698	1.00836698	1.00836698	1.00836698	1.00836698	1.00836698	1.00836698	1.00836698	1.00836698	1.00836698	1.00836698	1.00836698	1.00836698	1.00836698	1.00836698	1.00836698	1.00836698	1.00836698	1.00836698	1.00836698	1.00836698	1.00836698	1.00836698	1.00836698	1.00836698
greece	-0.49812009	-0.49812009	-0.49812009	-0.49812009	-0.49812009	-0.49812009	-0.49812009	-0.49812009	-0.49812009	-0.49812009	-0.49812009	-0.49812009	-0.49812009	-0.49812009	-0.49812009	-0.49812009	-0.49812009	-0.49812009	-0.49812009	-0.49812009	-0.49812009	-0.49812009	-0.49812009	-0.49812009	-0.49812009	-0.49812009	-0.49812009
belgium	0.25051044	0.25051044	0.25051044	0.25051044	0.25051044	0.25051044	0.25051044	0.25051044	0.25051044	0.25051044	0.25051044	0.25051044	0.25051044	0.25051044	0.25051044	0.25051044	0.25051044	0.25051044	0.25051044	0.25051044	0.25051044	0.25051044	0.25051044	0.25051044	0.25051044	0.25051044	0.25051044
burkina_faso	-2.40716952	-2.40716952	-2.40716952	-2.40716952	-2.40716952	-2.40716952	-2.40716952	-2.40716952	-2.40716952	-2.40716952	-2.40716952	-2.40716952	-2.40716952	-2.40716952	-2.40716952	-2.40716952	-2.40716952	-2.40716952	-2.40716952	-2.40716952	-2.40716952	-2.40716952	-2.40716952	-2.40716952	-2.40716952	-2.40716952	-2.40716952
united_kingdom	1.52433546	1.52433546	1.52433546	1.52433546	1.52433546	1.52433546	1.52433546	1.52433546	1.52433546	1.52433546	1.52433546	1.52433546	1.52433546	1.52433546	1.52433546	1.52433546	1.52433546	1.52433546	1.52433546	1.52433546	1.52433546	1.52433546	1.52433546	1.52433546	1.52433546	1.52433546	1.52433546
