	hainan	hubei	yunnan	guangdong	jiangsu	zhejiang	hunan	sichuan	shaanxi	heilongjiang	jiangxi	henan	shanxi	tibet	anhui	guizhou	shanghai	ningxia	california	missouri	cambodia	sweden	australia	greece	belgium	burkina_faso	united_kingdom
hainan	-1.39588172	-1.39588172	-1.39588172	-1.39588172	-1.39588172	-1.39588172	-1.39588172	-1.39588172	-1.39588172	-1.39588172	-1.39588172	-1.39588172	-1.39588172	-1.39588172	-1.39588172	-1.39588172	-1.39588172	-1.39588172	-1.39588172	-1.39588172	-1.39588172	-1.39588172	-1.39588172	-1.39588172	-1.39588172	-1.39588172	-1.39588172
hubei	-0.01653792	-0.01653792	-0.01653792	-0.01653792	-0.01653792	-0.01653792	-0.01653792	-0.01653792	-0.01653792	-0.01653792	-0.01653792	-0.01653792	-0.01653792	-0.01653792	-0.01653792	-0.01653792	-0.01653792	-0.01653792	-0.01653792	-0.01653792	-0.01653792	-0.01653792	-0.01653792	-0.01653792	-0.01653792	-0.01653792	-0.01653792
yunnan	0.59249135	0.59249135	0.59249135	0.59249135	0.59249135	0.59249135	0.59249135	0.59249135	0.59249135	0.59249135	0.59249135	0.59249135	0.59249135	0.59249135	0.59249135	0.59249135	0.59249135	0.59249135	0.59249135	0.59249135	0.59249135	0.59249135	0.59249135	0.59249135	0.59249135	0.59249135	0.59249135
guangdong	-0.04358941	-0.04358941	-0.04358941	-0.04358941	-0.04358941	-0.04358941	-0.04358941	-0.04358941	-0.04358941	-0.04358941	-0.04358941	-0.04358941	-0.04358941	-0.04358941	-0.04358941	-0.04358941	-0.04358941	-0.04358941	-0.04358941	-0.04358941	-0.04358941	-0.04358941	-0.04358941	-0.04358941	-0.04358941	-0.04358941	-0.04358941
jiangsu	-0.49845653	-0.49845653	-0.49845653	-0.49845653	-0.49845653	-0.49845653	-0.49845653	-0.49845653	-0.49845653	-0.49845653	-0.49845653	-0.49845653	-0.49845653	-0.49845653	-0.49845653	-0.49845653	-0.49845653	-0.49845653	-0.49845653	-0.49845653	-0.49845653	-0.49845653	-0.49845653	-0.49845653	-0.49845653	-0.49845653	-0.49845653
zhejiang	-0.50480336	-0.50480336	-0.50480336	-0.50480336	-0.50480336	-0.50480336	-0.50480336	-0.50480336	-0.50480336	-0.50480336	-0.50480336	-0.50480336	-0.50480336	-0.50480336	-0.50480336	-0.50480336	-0.50480336	-0.50480336	-0.50480336	-0.50480336	-0.50480336	-0.50480336	-0.50480336	-0.50480336	-0.50480336	-0.50480336	-0.50480336
hunan	0.08921817	0.08921817	0.08921817	0.08921817	0.08921817	0.08921817	0.08921817	0.08921817	0.08921817	0.08921817	0.08921817	0.08921817	0.08921817	0.08921817	0.08921817	0.08921817	0.08921817	0.08921817	0.08921817	0.08921817	0.08921817	0.08921817	0.08921817	0.08921817	0.08921817	0.08921817	0.08921817
sichuan	0.76097488	0.76097488	0.76097488	0.76097488	0.76097488	0.76097488	0.76097488	0.76097488	0.76097488	0.76097488	0.76097488	0.76097488	0.76097488	0.76097488	0.76097488	0.76097488	0.76097488	0.76097488	0.76097488	0.76097488	0.76097488	0.76097488	0.76097488	0.76097488	0.76097488	0.76097488	0.76097488
shaanxi	0.06275963	0.06275963	0.06275963	0.06275963	0.06275963	0.06275963	0.06275963	0.06275963	0.06275963	0.06275963	0.06275963	0.06275963	0.06275963	0.06275963	0.06275963	0.06275963	0.06275963	0.06275963	0.06275963	0.06275963	0.06275963	0.06275963	0.06275963	0.06275963	0.06275963	0.06275963	0.06275963
heilongjiang	0.72438588	0.72438588	0.72438588	0.72438588	0.72438588	0.72438588	0.72438588	0.72438588	0.72438588	0.72438588	0.72438588	0.72438588	0.72438588	0.72438588	0.72438588	0.72438588	0.72438588	0.72438588	0.72438588	0.72438588	0.72438588	0.72438588	0.72438588	0.72438588	0.72438588	0.72438588	0.72438588
jiangxi	-0.10395404	-0.10395404	-0.10395404	-0.10395404	-0.10395404	-0.10395404	-0.10395404	-0.10395404	-0.10395404	-0.10395404	-0.10395404	-0.10395404	-0.10395404	-0.10395404	-0.10395404	-0.10395404	-0.10395404	-0.10395404	-0.10395404	-0.10395404	-0.10395404	-0.10395404	-0.10395404	-0.10395404	-0.10395404	-0.10395404	-0.10395404
henan	-0.10346838	-0.10346838	-0.10346838	-0.10346838	-0.10346838	-0.10346838	-0.10346838	-0.10346838	-0.10346838	-0.10346838	-0.10346838	-0.10346838	-0.10346838	-0.10346838	-0.10346838	-0.10346838	-0.10346838	-0.10346838	-0.10346838	-0.10346838	-0.10346838	-0.10346838	-0.10346838	-0.10346838	-0.10346838	-0.10346838	-0.10346838
shanxi	-0.15871482	-0.15871482	-0.15871482	-0.15871482	-0.15871482	-0.15871482	-0.15871482	-0.15871482	-0.15871482	-0.15871482	-0.15871482	-0.15871482	-0.15871482	-0.15871482	-0.15871482	-0.15871482	-0.15871482	-0.15871482	-0.15871482	-0.15871482	-0.15871482	-0.15871482	-0.15871482	-0.15871482	-0.15871482	-0.15871482	-0.15871482
tibet	1.51447075	1.51447075	1.51447075	1.51447075	1.51447075	1.51447075	1.51447075	1.51447075	1.51447075	1.51447075	1.51447075	1.51447075	1.51447075	1.51447075	1.51447075	1.51447075	1.51447075	1.51447075	1.51447075	1.51447075	1.51447075	1.51447075	1.51447075	1.51447075	1.51447075	1.51447075	1.51447075
anhui	-0.25226711	-0.25226711	-0.25226711	-0.25226711	-0.25226711	-0.25226711	-0.25226711	-0.25226711	-0.25226711	-0.25226711	-0.25226711	-0.25226711	-0.25226711	-0.25226711	-0.25226711	-0.25226711	-0.25226711	-0.25226711	-0.25226711	-0.25226711	-0.25226711	-0.25226711	-0.25226711	-0.25226711	-0.25226711	-0.25226711	-0.25226711
guizhou	-0.06090911	-0.06090911	-0.06090911	-0.06090911	-0.06090911	-0.06090911	-0.06090911	-0.06090911	-0.06090911	-0.06090911	-0.06090911	-0.06090911	-0.06090911	-0.06090911	-0.06090911	-0.06090911	-0.06090911	-0.06090911	-0.06090911	-0.06090911	-0.06090911	-0.06090911	-0.06090911	-0.06090911	-0.06090911	-0.06090911	-0.06090911
shanghai	-2.76083463	-2.76083463	-2.76083463	-2.76083463	-2.76083463	-2.76083463	-2.76083463	-2.76083463	-2.76083463	-2.76083463	-2.76083463	-2.76083463	-2.76083463	-2.76083463	-2.76083463	-2.76083463	-2.76083463	-2.76083463	-2.76083463	-2.76083463	-2.76083463	-2.76083463	-2.76083463	-2.76083463	-2.76083463	-2.76083463	-2.76083463
ningxia	-0.85127067	-0.85127067	-0.85127067	-0.85127067	-0.85127067	-0.85127067	-0.85127067	-0.85127067	-0.85127067	-0.85127067	-0.85127067	-0.85127067	-0.85127067	-0.85127067	-0.85127067	-0.85127067	-0.85127067	-0.85127067	-0.85127067	-0.85127067	-0.85127067	-0.85127067	-0.85127067	-0.85127067	-0.85127067	-0.85127067	-0.85127067
california	0.65192714	0.65192714	0.65192714	0.65192714	0.65192714	0.65192714	0.65192714	0.65192714	0.65192714	0.65192714	0.65192714	0.65192714	0.65192714	0.65192714	0.65192714	0.65192714	0.65192714	0.65192714	0.65192714	0.65192714	0.65192714	0.65192714	0.65192714	0.65192714	0.65192714	0.65192714	0.65192714
missouri	-0.03581191	-0.03581191	-0.03581191	-0.03581191	-0.03581191	-0.03581191	-0.03581191	-0.03581191	-0.03581191	-0.03581191	-0.03581191	-0.03581191	-0.03581191	-0.03581191	-0.03581191	-0.03581191	-0.03581191	-0.03581191	-0.03581191	-0.03581191	-0.03581191	-0.03581191	-0.03581191	-0.03581191	-0.03581191	-0.03581191	-0.03581191
cambodia	-0.03803924	-0.03803924	-0.03803924	-0.03803924	-0.03803924	-0.03803924	-0.03803924	-0.03803924	-0.03803924	-0.03803924	-0.03803924	-0.03803924	-0.03803924	-0.03803924	-0.03803924	-0.03803924	-0.03803924	-0.03803924	-0.03803924	-0.03803924	-0.03803924	-0.03803924	-0.03803924	-0.03803924	-0.03803924	-0.03803924	-0.03803924
sweden	0.70077592	0.70077592	0.70077592	0.70077592	0.70077592	0.70077592	0.70077592	0.70077592	0.70077592	0.70077592	0.70077592	0.70077592	0.70077592	0.70077592	0.70077592	0.70077592	0.70077592	0.70077592	0.70077592	0.70077592	0.70077592	0.70077592	0.70077592	0.70077592	0.70077592	0.70077592	0.70077592
australia	3.00147431	3.00147431	3.00147431	3.00147431	3.00147431	3.00147431	3.00147431	3.00147431	3.00147431	3.00147431	3.00147431	3.00147431	3.00147431	3.00147431	3.00147431	3.00147431	3.00147431	3.00147431	3.00147431	3.00147431	3.00147431	3.00147431	3.00147431	3.00147431	3.00147431	3.00147431	3.00147431
greece	-0.29442718	-0.29442718	-0.29442718	-0.29442718	-0.29442718	-0.29442718	-0.29442718	-0.29442718	-0.29442718	-0.29442718	-0.29442718	-0.29442718	-0.29442718	-0.29442718	-0.29442718	-0.29442718	-0.29442718	-0.29442718	-0.29442718	-0.29442718	-0.29442718	-0.29442718	-0.29442718	-0.29442718	-0.29442718	-0.29442718	-0.29442718
belgium	-1.47704367	-1.47704367	-1.47704367	-1.47704367	-1.47704367	-1.47704367	-1.47704367	-1.47704367	-1.47704367	-1.47704367	-1.47704367	-1.47704367	-1.47704367	-1.47704367	-1.47704367	-1.47704367	-1.47704367	-1.47704367	-1.47704367	-1.47704367	-1.47704367	-1.47704367	-1.47704367	-1.47704367	-1.47704367	-1.47704367	-1.47704367
burkina_faso	0.29858031	0.29858031	0.29858031	0.29858031	0.29858031	0.29858031	0.29858031	0.29858031	0.29858031	0.29858031	0.29858031	0.29858031	0.29858031	0.29858031	0.29858031	0.29858031	0.29858031	0.29858031	0.29858031	0.29858031	0.29858031	0.29858031	0.29858031	0.29858031	0.29858031	0.29858031	0.29858031
united_kingdom	0.19895136	0.19895136	0.19895136	0.19895136	0.19895136	0.19895136	0.19895136	0.19895136	0.19895136	0.19895136	0.19895136	0.19895136	0.19895136	0.19895136	0.19895136	0.19895136	0.19895136	0.19895136	0.19895136	0.19895136	0.19895136	0.19895136	0.19895136	0.19895136	0.19895136	0.19895136	0.19895136
