	hainan	hubei	yunnan	guangdong	jiangsu	zhejiang	hunan	sichuan	shaanxi	heilongjiang	jiangxi	henan	shanxi	tibet	anhui	guizhou	shanghai	ningxia	california	missouri	cambodia	sweden	australia	greece	belgium	burkina_faso	united_kingdom
hainan	-0.49456814	-0.49456814	-0.49456814	-0.49456814	-0.49456814	-0.49456814	-0.49456814	-0.49456814	-0.49456814	-0.49456814	-0.49456814	-0.49456814	-0.49456814	-0.49456814	-0.49456814	-0.49456814	-0.49456814	-0.49456814	-0.49456814	-0.49456814	-0.49456814	-0.49456814	-0.49456814	-0.49456814	-0.49456814	-0.49456814	-0.49456814
hubei	-0.46435187	-0.46435187	-0.46435187	-0.46435187	-0.46435187	-0.46435187	-0.46435187	-0.46435187	-0.46435187	-0.46435187	-0.46435187	-0.46435187	-0.46435187	-0.46435187	-0.46435187	-0.46435187	-0.46435187	-0.46435187	-0.46435187	-0.46435187	-0.46435187	-0.46435187	-0.46435187	-0.46435187	-0.46435187	-0.46435187	-0.46435187
yunnan	0.19838599	0.19838599	0.19838599	0.19838599	0.19838599	0.19838599	0.19838599	0.19838599	0.19838599	0.19838599	0.19838599	0.19838599	0.19838599	0.19838599	0.19838599	0.19838599	0.19838599	0.19838599	0.19838599	0.19838599	0.19838599	0.19838599	0.19838599	0.19838599	0.19838599	0.19838599	0.19838599
guangdong	1.25014815	1.25014815	1.25014815	1.25014815	1.25014815	1.25014815	1.25014815	1.25014815	1.25014815	1.25014815	1.25014815	1.25014815	1.25014815	1.25014815	1.25014815	1.25014815	1.25014815	1.25014815	1.25014815	1.25014815	1.25014815	1.25014815	1.25014815	1.25014815	1.25014815	1.25014815	1.25014815
jiangsu	0.08900689	0.08900689	0.08900689	0.08900689	0.08900689	0.08900689	0.08900689	0.08900689	0.08900689	0.08900689	0.08900689	0.08900689	0.08900689	0.08900689	0.08900689	0.08900689	0.08900689	0.08900689	0.08900689	0.08900689	0.08900689	0.08900689	0.08900689	0.08900689	0.08900689	0.08900689	0.08900689
zhejiang	0.65965263	0.65965263	0.65965263	0.65965263	0.65965263	0.65965263	0.65965263	0.65965263	0.65965263	0.65965263	0.65965263	0.65965263	0.65965263	0.65965263	0.65965263	0.65965263	0.65965263	0.65965263	0.65965263	0.65965263	0.65965263	0.65965263	0.65965263	0.65965263	0.65965263	0.65965263	0.65965263
hunan	0.35654779	0.35654779	0.35654779	0.35654779	0.35654779	0.35654779	0.35654779	0.35654779	0.35654779	0.35654779	0.35654779	0.35654779	0.35654779	0.35654779	0.35654779	0.35654779	0.35654779	0.35654779	0.35654779	0.35654779	0.35654779	0.35654779	0.35654779	0.35654779	0.35654779	0.35654779	0.35654779
sichuan	0.34918596	0.34918596	0.34918596	0.34918596	0.34918596	0.34918596	0.34918596	0.34918596	0.34918596	0.34918596	0.34918596	0.34918596	0.34918596	0.34918596	0.34918596	0.34918596	0.34918596	0.34918596	0.34918596	0.34918596	0.34918596	0.34918596	0.34918596	0.34918596	0.34918596	0.34918596	0.34918596
shaanxi	-1.48810274	-1.48810274	-1.48810274	-1.48810274	-1.48810274	-1.48810274	-1.48810274	-1.48810274	-1.48810274	-1.48810274	-1.48810274	-1.48810274	-1.48810274	-1.48810274	-1.48810274	-1.48810274	-1.48810274	-1.48810274	-1.48810274	-1.48810274	-1.48810274	-1.48810274	-1.48810274	-1.48810274	-1.48810274	-1.48810274	-1.48810274
heilongjiang	-0.58018811	-0.58018811	-0.58018811	-0.58018811	-0.58018811	-0.58018811	-0.58018811	-0.58018811	-0.58018811	-0.58018811	-0.58018811	-0.58018811	-0.58018811	-0.58018811	-0.58018811	-0.58018811	-0.58018811	-0.58018811	-0.58018811	-0.58018811	-0.58018811	-0.58018811	-0.58018811	-0.58018811	-0.58018811	-0.58018811	-0.58018811
jiangxi	0.77542789	0.77542789	0.77542789	0.77542789	0.77542789	0.77542789	0.77542789	0.77542789	0.77542789	0.77542789	0.77542789	0.77542789	0.77542789	0.77542789	0.77542789	0.77542789	0.77542789	0.77542789	0.77542789	0.77542789	0.77542789	0.77542789	0.77542789	0.77542789	0.77542789	0.77542789	0.77542789
henan	-1.31169431	-1.31169431	-1.31169431	-1.31169431	-1.31169431	-1.31169431	-1.31169431	-1.31169431	-1.31169431	-1.31169431	-1.31169431	-1.31169431	-1.31169431	-1.31169431	-1.31169431	-1.31169431	-1.31169431	-1.31169431	-1.31169431	-1.31169431	-1.31169431	-1.31169431	-1.31169431	-1.31169431	-1.31169431	-1.31169431	-1.31169431
shanxi	-1.63358440	-1.63358440	-1.63358440	-1.63358440	-1.63358440	-1.63358440	-1.63358440	-1.63358440	-1.63358440	-1.63358440	-1.63358440	-1.63358440	-1.63358440	-1.63358440	-1.63358440	-1.63358440	-1.63358440	-1.63358440	-1.63358440	-1.63358440	-1.63358440	-1.63358440	-1.63358440	-1.63358440	-1.63358440	-1.63358440	-1.63358440
tibet	-2.06254060	-2.06254060	-2.06254060	-2.06254060	-2.06254060	-2.06254060	-2.06254060	-2.06254060	-2.06254060	-2.06254060	-2.06254060	-2.06254060	-2.06254060	-2.06254060	-2.06254060	-2.06254060	-2.06254060	-2.06254060	-2.06254060	-2.06254060	-2.06254060	-2.06254060	-2.06254060	-2.06254060	-2.06254060	-2.06254060	-2.06254060
anhui	0.60013173	0.60013173	0.60013173	0.60013173	0.60013173	0.60013173	0.60013173	0.60013173	0.60013173	0.60013173	0.60013173	0.60013173	0.60013173	0.60013173	0.60013173	0.60013173	0.60013173	0.60013173	0.60013173	0.60013173	0.60013173	0.60013173	0.60013173	0.60013173	0.60013173	0.60013173	0.60013173
guizhou	1.12599826	1.12599826	1.12599826	1.12599826	1.12599826	1.12599826	1.12599826	1.12599826	1.12599826	1.12599826	1.12599826	1.12599826	1.12599826	1.12599826	1.12599826	1.12599826	1.12599826	1.12599826	1.12599826	1.12599826	1.12599826	1.12599826	1.12599826	1.12599826	1.12599826	1.12599826	1.12599826
shanghai	0.39774260	0.39774260	0.39774260	0.39774260	0.39774260	0.39774260	0.39774260	0.39774260	0.39774260	0.39774260	0.39774260	0.39774260	0.39774260	0.39774260	0.39774260	0.39774260	0.39774260	0.39774260	0.39774260	0.39774260	0.39774260	0.39774260	0.39774260	0.39774260	0.39774260	0.39774260	0.39774260
ningxia	-1.69641172	-1.69641172	-1.69641172	-1.69641172	-1.69641172	-1.69641172	-1.69641172	-1.69641172	-1.69641172	-1.69641172	-1.69641172	-1.69641172	-1.69641172	-1.69641172	-1.69641172	-1.69641172	-1.69641172	-1.69641172	-1.69641172	-1.69641172	-1.69641172	-1.69641172	-1.69641172	-1.69641172	-1.69641172	-1.69641172	-1.69641172
california	-1.12352007	-1.12352007	-1.12352007	-1.12352007	-1.12352007	-1.12352007	-1.12352007	-1.12352007	-1.12352007	-1.12352007	-1.12352007	-1.12352007	-1.12352007	-1.12352007	-1.12352007	-1.12352007	-1.12352007	-1.12352007	-1.12352007	-1.12352007	-1.12352007	-1.12352007	-1.12352007	-1.12352007	-1.12352007	-1.12352007	-1.12352007
missouri	0.59580917	0.59580917	0.59580917	0.59580917	0.59580917	0.59580917	0.59580917	0.59580917	0.59580917	0.59580917	0.59580917	0.59580917	0.59580917	0.59580917	0.59580917	0.59580917	0.59580917	0.59580917	0.59580917	0.59580917	0.59580917	0.59580917	0.59580917	0.59580917	0.59580917	0.59580917	0.59580917
cambodia	1.86757249	1.86757249	1.86757249	1.86757249	1.86757249	1.86757249	1.86757249	1.86757249	1.86757249	1.86757249	1.86757249	1.86757249	1.86757249	1.86757249	1.86757249	1.86757249	1.86757249	1.86757249	1.86757249	1.86757249	1.86757249	1.86757249	1.86757249	1.86757249	1.86757249	1.86757249	1.86757249
sweden	0.51404432	0.51404432	0.51404432	0.51404432	0.51404432	0.51404432	0.51404432	0.51404432	0.51404432	0.51404432	0.51404432	0.51404432	0.51404432	0.51404432	0.51404432	0.51404432	0.51404432	0.51404432	0.51404432	0.51404432	0.51404432	0.51404432	0.51404432	0.51404432	0.51404432	0.51404432	0.51404432
australia	-0.33745010	-0.33745010	-0.33745010	-0.33745010	-0.33745010	-0.33745010	-0.33745010	-0.33745010	-0.33745010	-0.33745010	-0.33745010	-0.33745010	-0.33745010	-0.33745010	-0.33745010	-0.33745010	-0.33745010	-0.33745010	-0.33745010	-0.33745010	-0.33745010	-0.33745010	-0.33745010	-0.33745010	-0.33745010	-0.33745010	-0.33745010
greece	0.14173550	0.14173550	0.14173550	0.14173550	0.14173550	0.14173550	0.14173550	0.14173550	0.14173550	0.14173550	0.14173550	0.14173550	0.14173550	0.14173550	0.14173550	0.14173550	0.14173550	0.14173550	0.14173550	0.14173550	0.14173550	0.14173550	0.14173550	0.14173550	0.14173550	0.14173550	0.14173550
belgium	1.04714230	1.04714230	1.04714230	1.04714230	1.04714230	1.04714230	1.04714230	1.04714230	1.04714230	1.04714230	1.04714230	1.04714230	1.04714230	1.04714230	1.04714230	1.04714230	1.04714230	1.04714230	1.04714230	1.04714230	1.04714230	1.04714230	1.04714230	1.04714230	1.04714230	1.04714230	1.04714230
burkina_faso	0.14447118	0.14447118	0.14447118	0.14447118	0.14447118	0.14447118	0.14447118	0.14447118	0.14447118	0.14447118	0.14447118	0.14447118	0.14447118	0.14447118	0.14447118	0.14447118	0.14447118	0.14447118	0.14447118	0.14447118	0.14447118	0.14447118	0.14447118	0.14447118	0.14447118	0.14447118	0.14447118
united_kingdom	1.07940919	1.07940919	1.07940919	1.07940919	1.07940919	1.07940919	1.07940919	1.07940919	1.07940919	1.07940919	1.07940919	1.07940919	1.07940919	1.07940919	1.07940919	1.07940919	1.07940919	1.07940919	1.07940919	1.07940919	1.07940919	1.07940919	1.07940919	1.07940919	1.07940919	1.07940919	1.07940919
