	Alabama	Arizona	Chile	China	Colombia	Delaware	Egypt	France	Idaho	Illinois	Indiana	Japan	Kansas	Kazakhstan	Kentucky	Maine	Michigan	Minnesota	Nevada	New_Jersey	New_York	North_Dakota	Oregon	Pennsylvania	Serbia	South_Dakota	Uruguay	Vermont	Vietnam	Virginia	Washington	Wisconsin	Wyoming
Alabama	-0.38767806	-0.38767806	-0.38767806	-0.38767806	-0.38767806	-0.38767806	-0.38767806	-0.38767806	-0.38767806	-0.38767806	-0.38767806	-0.38767806	-0.38767806	-0.38767806	-0.38767806	-0.38767806	-0.38767806	-0.38767806	-0.38767806	-0.38767806	-0.38767806	-0.38767806	-0.38767806	-0.38767806	-0.38767806	-0.38767806	-0.38767806	-0.38767806	-0.38767806	-0.38767806	-0.38767806	-0.38767806	-0.38767806
Arizona	-0.35780536	-0.35780536	-0.35780536	-0.35780536	-0.35780536	-0.35780536	-0.35780536	-0.35780536	-0.35780536	-0.35780536	-0.35780536	-0.35780536	-0.35780536	-0.35780536	-0.35780536	-0.35780536	-0.35780536	-0.35780536	-0.35780536	-0.35780536	-0.35780536	-0.35780536	-0.35780536	-0.35780536	-0.35780536	-0.35780536	-0.35780536	-0.35780536	-0.35780536	-0.35780536	-0.35780536	-0.35780536	-0.35780536
Chile	-1.51923680	-1.51923680	-1.51923680	-1.51923680	-1.51923680	-1.51923680	-1.51923680	-1.51923680	-1.51923680	-1.51923680	-1.51923680	-1.51923680	-1.51923680	-1.51923680	-1.51923680	-1.51923680	-1.51923680	-1.51923680	-1.51923680	-1.51923680	-1.51923680	-1.51923680	-1.51923680	-1.51923680	-1.51923680	-1.51923680	-1.51923680	-1.51923680	-1.51923680	-1.51923680	-1.51923680	-1.51923680	-1.51923680
China	0.33516536	0.33516536	0.33516536	0.33516536	0.33516536	0.33516536	0.33516536	0.33516536	0.33516536	0.33516536	0.33516536	0.33516536	0.33516536	0.33516536	0.33516536	0.33516536	0.33516536	0.33516536	0.33516536	0.33516536	0.33516536	0.33516536	0.33516536	0.33516536	0.33516536	0.33516536	0.33516536	0.33516536	0.33516536	0.33516536	0.33516536	0.33516536	0.33516536
Colombia	-4.37432144	-4.37432144	-4.37432144	-4.37432144	-4.37432144	-4.37432144	-4.37432144	-4.37432144	-4.37432144	-4.37432144	-4.37432144	-4.37432144	-4.37432144	-4.37432144	-4.37432144	-4.37432144	-4.37432144	-4.37432144	-4.37432144	-4.37432144	-4.37432144	-4.37432144	-4.37432144	-4.37432144	-4.37432144	-4.37432144	-4.37432144	-4.37432144	-4.37432144	-4.37432144	-4.37432144	-4.37432144	-4.37432144
Delaware	0.06668976	0.06668976	0.06668976	0.06668976	0.06668976	0.06668976	0.06668976	0.06668976	0.06668976	0.06668976	0.06668976	0.06668976	0.06668976	0.06668976	0.06668976	0.06668976	0.06668976	0.06668976	0.06668976	0.06668976	0.06668976	0.06668976	0.06668976	0.06668976	0.06668976	0.06668976	0.06668976	0.06668976	0.06668976	0.06668976	0.06668976	0.06668976	0.06668976
Egypt	-0.69282980	-0.69282980	-0.69282980	-0.69282980	-0.69282980	-0.69282980	-0.69282980	-0.69282980	-0.69282980	-0.69282980	-0.69282980	-0.69282980	-0.69282980	-0.69282980	-0.69282980	-0.69282980	-0.69282980	-0.69282980	-0.69282980	-0.69282980	-0.69282980	-0.69282980	-0.69282980	-0.69282980	-0.69282980	-0.69282980	-0.69282980	-0.69282980	-0.69282980	-0.69282980	-0.69282980	-0.69282980	-0.69282980
France	-0.65516325	-0.65516325	-0.65516325	-0.65516325	-0.65516325	-0.65516325	-0.65516325	-0.65516325	-0.65516325	-0.65516325	-0.65516325	-0.65516325	-0.65516325	-0.65516325	-0.65516325	-0.65516325	-0.65516325	-0.65516325	-0.65516325	-0.65516325	-0.65516325	-0.65516325	-0.65516325	-0.65516325	-0.65516325	-0.65516325	-0.65516325	-0.65516325	-0.65516325	-0.65516325	-0.65516325	-0.65516325	-0.65516325
Idaho	0.35237627	0.35237627	0.35237627	0.35237627	0.35237627	0.35237627	0.35237627	0.35237627	0.35237627	0.35237627	0.35237627	0.35237627	0.35237627	0.35237627	0.35237627	0.35237627	0.35237627	0.35237627	0.35237627	0.35237627	0.35237627	0.35237627	0.35237627	0.35237627	0.35237627	0.35237627	0.35237627	0.35237627	0.35237627	0.35237627	0.35237627	0.35237627	0.35237627
Illinois	0.57207490	0.57207490	0.57207490	0.57207490	0.57207490	0.57207490	0.57207490	0.57207490	0.57207490	0.57207490	0.57207490	0.57207490	0.57207490	0.57207490	0.57207490	0.57207490	0.57207490	0.57207490	0.57207490	0.57207490	0.57207490	0.57207490	0.57207490	0.57207490	0.57207490	0.57207490	0.57207490	0.57207490	0.57207490	0.57207490	0.57207490	0.57207490	0.57207490
Indiana	0.51300087	0.51300087	0.51300087	0.51300087	0.51300087	0.51300087	0.51300087	0.51300087	0.51300087	0.51300087	0.51300087	0.51300087	0.51300087	0.51300087	0.51300087	0.51300087	0.51300087	0.51300087	0.51300087	0.51300087	0.51300087	0.51300087	0.51300087	0.51300087	0.51300087	0.51300087	0.51300087	0.51300087	0.51300087	0.51300087	0.51300087	0.51300087	0.51300087
Japan	-0.11598313	-0.11598313	-0.11598313	-0.11598313	-0.11598313	-0.11598313	-0.11598313	-0.11598313	-0.11598313	-0.11598313	-0.11598313	-0.11598313	-0.11598313	-0.11598313	-0.11598313	-0.11598313	-0.11598313	-0.11598313	-0.11598313	-0.11598313	-0.11598313	-0.11598313	-0.11598313	-0.11598313	-0.11598313	-0.11598313	-0.11598313	-0.11598313	-0.11598313	-0.11598313	-0.11598313	-0.11598313	-0.11598313
Kansas	0.60063440	0.60063440	0.60063440	0.60063440	0.60063440	0.60063440	0.60063440	0.60063440	0.60063440	0.60063440	0.60063440	0.60063440	0.60063440	0.60063440	0.60063440	0.60063440	0.60063440	0.60063440	0.60063440	0.60063440	0.60063440	0.60063440	0.60063440	0.60063440	0.60063440	0.60063440	0.60063440	0.60063440	0.60063440	0.60063440	0.60063440	0.60063440	0.60063440
Kazakhstan	0.75994448	0.75994448	0.75994448	0.75994448	0.75994448	0.75994448	0.75994448	0.75994448	0.75994448	0.75994448	0.75994448	0.75994448	0.75994448	0.75994448	0.75994448	0.75994448	0.75994448	0.75994448	0.75994448	0.75994448	0.75994448	0.75994448	0.75994448	0.75994448	0.75994448	0.75994448	0.75994448	0.75994448	0.75994448	0.75994448	0.75994448	0.75994448	0.75994448
Kentucky	0.20784912	0.20784912	0.20784912	0.20784912	0.20784912	0.20784912	0.20784912	0.20784912	0.20784912	0.20784912	0.20784912	0.20784912	0.20784912	0.20784912	0.20784912	0.20784912	0.20784912	0.20784912	0.20784912	0.20784912	0.20784912	0.20784912	0.20784912	0.20784912	0.20784912	0.20784912	0.20784912	0.20784912	0.20784912	0.20784912	0.20784912	0.20784912	0.20784912
Maine	0.61468216	0.61468216	0.61468216	0.61468216	0.61468216	0.61468216	0.61468216	0.61468216	0.61468216	0.61468216	0.61468216	0.61468216	0.61468216	0.61468216	0.61468216	0.61468216	0.61468216	0.61468216	0.61468216	0.61468216	0.61468216	0.61468216	0.61468216	0.61468216	0.61468216	0.61468216	0.61468216	0.61468216	0.61468216	0.61468216	0.61468216	0.61468216	0.61468216
Michigan	0.58643312	0.58643312	0.58643312	0.58643312	0.58643312	0.58643312	0.58643312	0.58643312	0.58643312	0.58643312	0.58643312	0.58643312	0.58643312	0.58643312	0.58643312	0.58643312	0.58643312	0.58643312	0.58643312	0.58643312	0.58643312	0.58643312	0.58643312	0.58643312	0.58643312	0.58643312	0.58643312	0.58643312	0.58643312	0.58643312	0.58643312	0.58643312	0.58643312
Minnesota	0.73471252	0.73471252	0.73471252	0.73471252	0.73471252	0.73471252	0.73471252	0.73471252	0.73471252	0.73471252	0.73471252	0.73471252	0.73471252	0.73471252	0.73471252	0.73471252	0.73471252	0.73471252	0.73471252	0.73471252	0.73471252	0.73471252	0.73471252	0.73471252	0.73471252	0.73471252	0.73471252	0.73471252	0.73471252	0.73471252	0.73471252	0.73471252	0.73471252
Nevada	0.52802306	0.52802306	0.52802306	0.52802306	0.52802306	0.52802306	0.52802306	0.52802306	0.52802306	0.52802306	0.52802306	0.52802306	0.52802306	0.52802306	0.52802306	0.52802306	0.52802306	0.52802306	0.52802306	0.52802306	0.52802306	0.52802306	0.52802306	0.52802306	0.52802306	0.52802306	0.52802306	0.52802306	0.52802306	0.52802306	0.52802306	0.52802306	0.52802306
New_Jersey	0.22681888	0.22681888	0.22681888	0.22681888	0.22681888	0.22681888	0.22681888	0.22681888	0.22681888	0.22681888	0.22681888	0.22681888	0.22681888	0.22681888	0.22681888	0.22681888	0.22681888	0.22681888	0.22681888	0.22681888	0.22681888	0.22681888	0.22681888	0.22681888	0.22681888	0.22681888	0.22681888	0.22681888	0.22681888	0.22681888	0.22681888	0.22681888	0.22681888
New_York	0.36936220	0.36936220	0.36936220	0.36936220	0.36936220	0.36936220	0.36936220	0.36936220	0.36936220	0.36936220	0.36936220	0.36936220	0.36936220	0.36936220	0.36936220	0.36936220	0.36936220	0.36936220	0.36936220	0.36936220	0.36936220	0.36936220	0.36936220	0.36936220	0.36936220	0.36936220	0.36936220	0.36936220	0.36936220	0.36936220	0.36936220	0.36936220	0.36936220
North_Dakota	0.70898089	0.70898089	0.70898089	0.70898089	0.70898089	0.70898089	0.70898089	0.70898089	0.70898089	0.70898089	0.70898089	0.70898089	0.70898089	0.70898089	0.70898089	0.70898089	0.70898089	0.70898089	0.70898089	0.70898089	0.70898089	0.70898089	0.70898089	0.70898089	0.70898089	0.70898089	0.70898089	0.70898089	0.70898089	0.70898089	0.70898089	0.70898089	0.70898089
Oregon	-0.16596641	-0.16596641	-0.16596641	-0.16596641	-0.16596641	-0.16596641	-0.16596641	-0.16596641	-0.16596641	-0.16596641	-0.16596641	-0.16596641	-0.16596641	-0.16596641	-0.16596641	-0.16596641	-0.16596641	-0.16596641	-0.16596641	-0.16596641	-0.16596641	-0.16596641	-0.16596641	-0.16596641	-0.16596641	-0.16596641	-0.16596641	-0.16596641	-0.16596641	-0.16596641	-0.16596641	-0.16596641	-0.16596641
Pennsylvania	0.46686330	0.46686330	0.46686330	0.46686330	0.46686330	0.46686330	0.46686330	0.46686330	0.46686330	0.46686330	0.46686330	0.46686330	0.46686330	0.46686330	0.46686330	0.46686330	0.46686330	0.46686330	0.46686330	0.46686330	0.46686330	0.46686330	0.46686330	0.46686330	0.46686330	0.46686330	0.46686330	0.46686330	0.46686330	0.46686330	0.46686330	0.46686330	0.46686330
Serbia	0.24551567	0.24551567	0.24551567	0.24551567	0.24551567	0.24551567	0.24551567	0.24551567	0.24551567	0.24551567	0.24551567	0.24551567	0.24551567	0.24551567	0.24551567	0.24551567	0.24551567	0.24551567	0.24551567	0.24551567	0.24551567	0.24551567	0.24551567	0.24551567	0.24551567	0.24551567	0.24551567	0.24551567	0.24551567	0.24551567	0.24551567	0.24551567	0.24551567
South_Dakota	0.69592143	0.69592143	0.69592143	0.69592143	0.69592143	0.69592143	0.69592143	0.69592143	0.69592143	0.69592143	0.69592143	0.69592143	0.69592143	0.69592143	0.69592143	0.69592143	0.69592143	0.69592143	0.69592143	0.69592143	0.69592143	0.69592143	0.69592143	0.69592143	0.69592143	0.69592143	0.69592143	0.69592143	0.69592143	0.69592143	0.69592143	0.69592143	0.69592143
Uruguay	-0.94511710	-0.94511710	-0.94511710	-0.94511710	-0.94511710	-0.94511710	-0.94511710	-0.94511710	-0.94511710	-0.94511710	-0.94511710	-0.94511710	-0.94511710	-0.94511710	-0.94511710	-0.94511710	-0.94511710	-0.94511710	-0.94511710	-0.94511710	-0.94511710	-0.94511710	-0.94511710	-0.94511710	-0.94511710	-0.94511710	-0.94511710	-0.94511710	-0.94511710	-0.94511710	-0.94511710	-0.94511710	-0.94511710
Vermont	0.62857968	0.62857968	0.62857968	0.62857968	0.62857968	0.62857968	0.62857968	0.62857968	0.62857968	0.62857968	0.62857968	0.62857968	0.62857968	0.62857968	0.62857968	0.62857968	0.62857968	0.62857968	0.62857968	0.62857968	0.62857968	0.62857968	0.62857968	0.62857968	0.62857968	0.62857968	0.62857968	0.62857968	0.62857968	0.62857968	0.62857968	0.62857968	0.62857968
Vietnam	-1.75614634	-1.75614634	-1.75614634	-1.75614634	-1.75614634	-1.75614634	-1.75614634	-1.75614634	-1.75614634	-1.75614634	-1.75614634	-1.75614634	-1.75614634	-1.75614634	-1.75614634	-1.75614634	-1.75614634	-1.75614634	-1.75614634	-1.75614634	-1.75614634	-1.75614634	-1.75614634	-1.75614634	-1.75614634	-1.75614634	-1.75614634	-1.75614634	-1.75614634	-1.75614634	-1.75614634	-1.75614634	-1.75614634
Virginia	0.26394726	0.26394726	0.26394726	0.26394726	0.26394726	0.26394726	0.26394726	0.26394726	0.26394726	0.26394726	0.26394726	0.26394726	0.26394726	0.26394726	0.26394726	0.26394726	0.26394726	0.26394726	0.26394726	0.26394726	0.26394726	0.26394726	0.26394726	0.26394726	0.26394726	0.26394726	0.26394726	0.26394726	0.26394726	0.26394726	0.26394726	0.26394726	0.26394726
Washington	0.02337225	0.02337225	0.02337225	0.02337225	0.02337225	0.02337225	0.02337225	0.02337225	0.02337225	0.02337225	0.02337225	0.02337225	0.02337225	0.02337225	0.02337225	0.02337225	0.02337225	0.02337225	0.02337225	0.02337225	0.02337225	0.02337225	0.02337225	0.02337225	0.02337225	0.02337225	0.02337225	0.02337225	0.02337225	0.02337225	0.02337225	0.02337225	0.02337225
Wisconsin	0.74738974	0.74738974	0.74738974	0.74738974	0.74738974	0.74738974	0.74738974	0.74738974	0.74738974	0.74738974	0.74738974	0.74738974	0.74738974	0.74738974	0.74738974	0.74738974	0.74738974	0.74738974	0.74738974	0.74738974	0.74738974	0.74738974	0.74738974	0.74738974	0.74738974	0.74738974	0.74738974	0.74738974	0.74738974	0.74738974	0.74738974	0.74738974	0.74738974
Wyoming	0.72191040	0.72191040	0.72191040	0.72191040	0.72191040	0.72191040	0.72191040	0.72191040	0.72191040	0.72191040	0.72191040	0.72191040	0.72191040	0.72191040	0.72191040	0.72191040	0.72191040	0.72191040	0.72191040	0.72191040	0.72191040	0.72191040	0.72191040	0.72191040	0.72191040	0.72191040	0.72191040	0.72191040	0.72191040	0.72191040	0.72191040	0.72191040	0.72191040
