	Alabama	Arizona	Chile	China	Colombia	Delaware	Egypt	France	Idaho	Illinois	Indiana	Japan	Kansas	Kazakhstan	Kentucky	Maine	Michigan	Minnesota	Nevada	New_Jersey	New_York	North_Dakota	Oregon	Pennsylvania	Serbia	South_Dakota	Uruguay	Vermont	Vietnam	Virginia	Washington	Wisconsin	Wyoming
Alabama	0.46929087	0.46929087	0.46929087	0.46929087	0.46929087	0.46929087	0.46929087	0.46929087	0.46929087	0.46929087	0.46929087	0.46929087	0.46929087	0.46929087	0.46929087	0.46929087	0.46929087	0.46929087	0.46929087	0.46929087	0.46929087	0.46929087	0.46929087	0.46929087	0.46929087	0.46929087	0.46929087	0.46929087	0.46929087	0.46929087	0.46929087	0.46929087	0.46929087
Arizona	-0.15030045	-0.15030045	-0.15030045	-0.15030045	-0.15030045	-0.15030045	-0.15030045	-0.15030045	-0.15030045	-0.15030045	-0.15030045	-0.15030045	-0.15030045	-0.15030045	-0.15030045	-0.15030045	-0.15030045	-0.15030045	-0.15030045	-0.15030045	-0.15030045	-0.15030045	-0.15030045	-0.15030045	-0.15030045	-0.15030045	-0.15030045	-0.15030045	-0.15030045	-0.15030045	-0.15030045	-0.15030045	-0.15030045
Chile	0.23793493	0.23793493	0.23793493	0.23793493	0.23793493	0.23793493	0.23793493	0.23793493	0.23793493	0.23793493	0.23793493	0.23793493	0.23793493	0.23793493	0.23793493	0.23793493	0.23793493	0.23793493	0.23793493	0.23793493	0.23793493	0.23793493	0.23793493	0.23793493	0.23793493	0.23793493	0.23793493	0.23793493	0.23793493	0.23793493	0.23793493	0.23793493	0.23793493
China	0.03512087	0.03512087	0.03512087	0.03512087	0.03512087	0.03512087	0.03512087	0.03512087	0.03512087	0.03512087	0.03512087	0.03512087	0.03512087	0.03512087	0.03512087	0.03512087	0.03512087	0.03512087	0.03512087	0.03512087	0.03512087	0.03512087	0.03512087	0.03512087	0.03512087	0.03512087	0.03512087	0.03512087	0.03512087	0.03512087	0.03512087	0.03512087	0.03512087
Colombia	0.73429076	0.73429076	0.73429076	0.73429076	0.73429076	0.73429076	0.73429076	0.73429076	0.73429076	0.73429076	0.73429076	0.73429076	0.73429076	0.73429076	0.73429076	0.73429076	0.73429076	0.73429076	0.73429076	0.73429076	0.73429076	0.73429076	0.73429076	0.73429076	0.73429076	0.73429076	0.73429076	0.73429076	0.73429076	0.73429076	0.73429076	0.73429076	0.73429076
Delaware	0.10820874	0.10820874	0.10820874	0.10820874	0.10820874	0.10820874	0.10820874	0.10820874	0.10820874	0.10820874	0.10820874	0.10820874	0.10820874	0.10820874	0.10820874	0.10820874	0.10820874	0.10820874	0.10820874	0.10820874	0.10820874	0.10820874	0.10820874	0.10820874	0.10820874	0.10820874	0.10820874	0.10820874	0.10820874	0.10820874	0.10820874	0.10820874	0.10820874
Egypt	-4.70804510	-4.70804510	-4.70804510	-4.70804510	-4.70804510	-4.70804510	-4.70804510	-4.70804510	-4.70804510	-4.70804510	-4.70804510	-4.70804510	-4.70804510	-4.70804510	-4.70804510	-4.70804510	-4.70804510	-4.70804510	-4.70804510	-4.70804510	-4.70804510	-4.70804510	-4.70804510	-4.70804510	-4.70804510	-4.70804510	-4.70804510	-4.70804510	-4.70804510	-4.70804510	-4.70804510	-4.70804510	-4.70804510
France	0.06454217	0.06454217	0.06454217	0.06454217	0.06454217	0.06454217	0.06454217	0.06454217	0.06454217	0.06454217	0.06454217	0.06454217	0.06454217	0.06454217	0.06454217	0.06454217	0.06454217	0.06454217	0.06454217	0.06454217	0.06454217	0.06454217	0.06454217	0.06454217	0.06454217	0.06454217	0.06454217	0.06454217	0.06454217	0.06454217	0.06454217	0.06454217	0.06454217
Idaho	0.41447203	0.41447203	0.41447203	0.41447203	0.41447203	0.41447203	0.41447203	0.41447203	0.41447203	0.41447203	0.41447203	0.41447203	0.41447203	0.41447203	0.41447203	0.41447203	0.41447203	0.41447203	0.41447203	0.41447203	0.41447203	0.41447203	0.41447203	0.41447203	0.41447203	0.41447203	0.41447203	0.41447203	0.41447203	0.41447203	0.41447203	0.41447203	0.41447203
Illinois	-0.00703417	-0.00703417	-0.00703417	-0.00703417	-0.00703417	-0.00703417	-0.00703417	-0.00703417	-0.00703417	-0.00703417	-0.00703417	-0.00703417	-0.00703417	-0.00703417	-0.00703417	-0.00703417	-0.00703417	-0.00703417	-0.00703417	-0.00703417	-0.00703417	-0.00703417	-0.00703417	-0.00703417	-0.00703417	-0.00703417	-0.00703417	-0.00703417	-0.00703417	-0.00703417	-0.00703417	-0.00703417	-0.00703417
Indiana	0.21046444	0.21046444	0.21046444	0.21046444	0.21046444	0.21046444	0.21046444	0.21046444	0.21046444	0.21046444	0.21046444	0.21046444	0.21046444	0.21046444	0.21046444	0.21046444	0.21046444	0.21046444	0.21046444	0.21046444	0.21046444	0.21046444	0.21046444	0.21046444	0.21046444	0.21046444	0.21046444	0.21046444	0.21046444	0.21046444	0.21046444	0.21046444	0.21046444
Japan	0.50432072	0.50432072	0.50432072	0.50432072	0.50432072	0.50432072	0.50432072	0.50432072	0.50432072	0.50432072	0.50432072	0.50432072	0.50432072	0.50432072	0.50432072	0.50432072	0.50432072	0.50432072	0.50432072	0.50432072	0.50432072	0.50432072	0.50432072	0.50432072	0.50432072	0.50432072	0.50432072	0.50432072	0.50432072	0.50432072	0.50432072	0.50432072	0.50432072
Kansas	-0.72836768	-0.72836768	-0.72836768	-0.72836768	-0.72836768	-0.72836768	-0.72836768	-0.72836768	-0.72836768	-0.72836768	-0.72836768	-0.72836768	-0.72836768	-0.72836768	-0.72836768	-0.72836768	-0.72836768	-0.72836768	-0.72836768	-0.72836768	-0.72836768	-0.72836768	-0.72836768	-0.72836768	-0.72836768	-0.72836768	-0.72836768	-0.72836768	-0.72836768	-0.72836768	-0.72836768	-0.72836768	-0.72836768
Kazakhstan	-1.20868832	-1.20868832	-1.20868832	-1.20868832	-1.20868832	-1.20868832	-1.20868832	-1.20868832	-1.20868832	-1.20868832	-1.20868832	-1.20868832	-1.20868832	-1.20868832	-1.20868832	-1.20868832	-1.20868832	-1.20868832	-1.20868832	-1.20868832	-1.20868832	-1.20868832	-1.20868832	-1.20868832	-1.20868832	-1.20868832	-1.20868832	-1.20868832	-1.20868832	-1.20868832	-1.20868832	-1.20868832	-1.20868832
Kentucky	0.56227978	0.56227978	0.56227978	0.56227978	0.56227978	0.56227978	0.56227978	0.56227978	0.56227978	0.56227978	0.56227978	0.56227978	0.56227978	0.56227978	0.56227978	0.56227978	0.56227978	0.56227978	0.56227978	0.56227978	0.56227978	0.56227978	0.56227978	0.56227978	0.56227978	0.56227978	0.56227978	0.56227978	0.56227978	0.56227978	0.56227978	0.56227978	0.56227978
Maine	0.74676447	0.74676447	0.74676447	0.74676447	0.74676447	0.74676447	0.74676447	0.74676447	0.74676447	0.74676447	0.74676447	0.74676447	0.74676447	0.74676447	0.74676447	0.74676447	0.74676447	0.74676447	0.74676447	0.74676447	0.74676447	0.74676447	0.74676447	0.74676447	0.74676447	0.74676447	0.74676447	0.74676447	0.74676447	0.74676447	0.74676447	0.74676447	0.74676447
Michigan	0.34652844	0.34652844	0.34652844	0.34652844	0.34652844	0.34652844	0.34652844	0.34652844	0.34652844	0.34652844	0.34652844	0.34652844	0.34652844	0.34652844	0.34652844	0.34652844	0.34652844	0.34652844	0.34652844	0.34652844	0.34652844	0.34652844	0.34652844	0.34652844	0.34652844	0.34652844	0.34652844	0.34652844	0.34652844	0.34652844	0.34652844	0.34652844	0.34652844
Minnesota	0.32533751	0.32533751	0.32533751	0.32533751	0.32533751	0.32533751	0.32533751	0.32533751	0.32533751	0.32533751	0.32533751	0.32533751	0.32533751	0.32533751	0.32533751	0.32533751	0.32533751	0.32533751	0.32533751	0.32533751	0.32533751	0.32533751	0.32533751	0.32533751	0.32533751	0.32533751	0.32533751	0.32533751	0.32533751	0.32533751	0.32533751	0.32533751	0.32533751
Nevada	-0.47744508	-0.47744508	-0.47744508	-0.47744508	-0.47744508	-0.47744508	-0.47744508	-0.47744508	-0.47744508	-0.47744508	-0.47744508	-0.47744508	-0.47744508	-0.47744508	-0.47744508	-0.47744508	-0.47744508	-0.47744508	-0.47744508	-0.47744508	-0.47744508	-0.47744508	-0.47744508	-0.47744508	-0.47744508	-0.47744508	-0.47744508	-0.47744508	-0.47744508	-0.47744508	-0.47744508	-0.47744508	-0.47744508
New_Jersey	0.34629285	0.34629285	0.34629285	0.34629285	0.34629285	0.34629285	0.34629285	0.34629285	0.34629285	0.34629285	0.34629285	0.34629285	0.34629285	0.34629285	0.34629285	0.34629285	0.34629285	0.34629285	0.34629285	0.34629285	0.34629285	0.34629285	0.34629285	0.34629285	0.34629285	0.34629285	0.34629285	0.34629285	0.34629285	0.34629285	0.34629285	0.34629285	0.34629285
New_York	0.59471449	0.59471449	0.59471449	0.59471449	0.59471449	0.59471449	0.59471449	0.59471449	0.59471449	0.59471449	0.59471449	0.59471449	0.59471449	0.59471449	0.59471449	0.59471449	0.59471449	0.59471449	0.59471449	0.59471449	0.59471449	0.59471449	0.59471449	0.59471449	0.59471449	0.59471449	0.59471449	0.59471449	0.59471449	0.59471449	0.59471449	0.59471449	0.59471449
North_Dakota	-1.46034837	-1.46034837	-1.46034837	-1.46034837	-1.46034837	-1.46034837	-1.46034837	-1.46034837	-1.46034837	-1.46034837	-1.46034837	-1.46034837	-1.46034837	-1.46034837	-1.46034837	-1.46034837	-1.46034837	-1.46034837	-1.46034837	-1.46034837	-1.46034837	-1.46034837	-1.46034837	-1.46034837	-1.46034837	-1.46034837	-1.46034837	-1.46034837	-1.46034837	-1.46034837	-1.46034837	-1.46034837	-1.46034837
Oregon	0.47464202	0.47464202	0.47464202	0.47464202	0.47464202	0.47464202	0.47464202	0.47464202	0.47464202	0.47464202	0.47464202	0.47464202	0.47464202	0.47464202	0.47464202	0.47464202	0.47464202	0.47464202	0.47464202	0.47464202	0.47464202	0.47464202	0.47464202	0.47464202	0.47464202	0.47464202	0.47464202	0.47464202	0.47464202	0.47464202	0.47464202	0.47464202	0.47464202
Pennsylvania	0.63082054	0.63082054	0.63082054	0.63082054	0.63082054	0.63082054	0.63082054	0.63082054	0.63082054	0.63082054	0.63082054	0.63082054	0.63082054	0.63082054	0.63082054	0.63082054	0.63082054	0.63082054	0.63082054	0.63082054	0.63082054	0.63082054	0.63082054	0.63082054	0.63082054	0.63082054	0.63082054	0.63082054	0.63082054	0.63082054	0.63082054	0.63082054	0.63082054
Serbia	0.34495114	0.34495114	0.34495114	0.34495114	0.34495114	0.34495114	0.34495114	0.34495114	0.34495114	0.34495114	0.34495114	0.34495114	0.34495114	0.34495114	0.34495114	0.34495114	0.34495114	0.34495114	0.34495114	0.34495114	0.34495114	0.34495114	0.34495114	0.34495114	0.34495114	0.34495114	0.34495114	0.34495114	0.34495114	0.34495114	0.34495114	0.34495114	0.34495114
South_Dakota	-0.90770074	-0.90770074	-0.90770074	-0.90770074	-0.90770074	-0.90770074	-0.90770074	-0.90770074	-0.90770074	-0.90770074	-0.90770074	-0.90770074	-0.90770074	-0.90770074	-0.90770074	-0.90770074	-0.90770074	-0.90770074	-0.90770074	-0.90770074	-0.90770074	-0.90770074	-0.90770074	-0.90770074	-0.90770074	-0.90770074	-0.90770074	-0.90770074	-0.90770074	-0.90770074	-0.90770074	-0.90770074	-0.90770074
Uruguay	-0.41699426	-0.41699426	-0.41699426	-0.41699426	-0.41699426	-0.41699426	-0.41699426	-0.41699426	-0.41699426	-0.41699426	-0.41699426	-0.41699426	-0.41699426	-0.41699426	-0.41699426	-0.41699426	-0.41699426	-0.41699426	-0.41699426	-0.41699426	-0.41699426	-0.41699426	-0.41699426	-0.41699426	-0.41699426	-0.41699426	-0.41699426	-0.41699426	-0.41699426	-0.41699426	-0.41699426	-0.41699426	-0.41699426
Vermont	0.75824223	0.75824223	0.75824223	0.75824223	0.75824223	0.75824223	0.75824223	0.75824223	0.75824223	0.75824223	0.75824223	0.75824223	0.75824223	0.75824223	0.75824223	0.75824223	0.75824223	0.75824223	0.75824223	0.75824223	0.75824223	0.75824223	0.75824223	0.75824223	0.75824223	0.75824223	0.75824223	0.75824223	0.75824223	0.75824223	0.75824223	0.75824223	0.75824223
Vietnam	0.56555894	0.56555894	0.56555894	0.56555894	0.56555894	0.56555894	0.56555894	0.56555894	0.56555894	0.56555894	0.56555894	0.56555894	0.56555894	0.56555894	0.56555894	0.56555894	0.56555894	0.56555894	0.56555894	0.56555894	0.56555894	0.56555894	0.56555894	0.56555894	0.56555894	0.56555894	0.56555894	0.56555894	0.56555894	0.56555894	0.56555894	0.56555894	0.56555894
Virginia	0.64028637	0.64028637	0.64028637	0.64028637	0.64028637	0.64028637	0.64028637	0.64028637	0.64028637	0.64028637	0.64028637	0.64028637	0.64028637	0.64028637	0.64028637	0.64028637	0.64028637	0.64028637	0.64028637	0.64028637	0.64028637	0.64028637	0.64028637	0.64028637	0.64028637	0.64028637	0.64028637	0.64028637	0.64028637	0.64028637	0.64028637	0.64028637	0.64028637
Washington	0.47566166	0.47566166	0.47566166	0.47566166	0.47566166	0.47566166	0.47566166	0.47566166	0.47566166	0.47566166	0.47566166	0.47566166	0.47566166	0.47566166	0.47566166	0.47566166	0.47566166	0.47566166	0.47566166	0.47566166	0.47566166	0.47566166	0.47566166	0.47566166	0.47566166	0.47566166	0.47566166	0.47566166	0.47566166	0.47566166	0.47566166	0.47566166	0.47566166
Wisconsin	0.55276573	0.55276573	0.55276573	0.55276573	0.55276573	0.55276573	0.55276573	0.55276573	0.55276573	0.55276573	0.55276573	0.55276573	0.55276573	0.55276573	0.55276573	0.55276573	0.55276573	0.55276573	0.55276573	0.55276573	0.55276573	0.55276573	0.55276573	0.55276573	0.55276573	0.55276573	0.55276573	0.55276573	0.55276573	0.55276573	0.55276573	0.55276573	0.55276573
Wyoming	-0.07856752	-0.07856752	-0.07856752	-0.07856752	-0.07856752	-0.07856752	-0.07856752	-0.07856752	-0.07856752	-0.07856752	-0.07856752	-0.07856752	-0.07856752	-0.07856752	-0.07856752	-0.07856752	-0.07856752	-0.07856752	-0.07856752	-0.07856752	-0.07856752	-0.07856752	-0.07856752	-0.07856752	-0.07856752	-0.07856752	-0.07856752	-0.07856752	-0.07856752	-0.07856752	-0.07856752	-0.07856752	-0.07856752
