	Alabama	Arizona	Chile	China	Colombia	Delaware	Egypt	France	Idaho	Illinois	Indiana	Japan	Kansas	Kazakhstan	Kentucky	Maine	Michigan	Minnesota	Nevada	New_Jersey	New_York	North_Dakota	Oregon	Pennsylvania	Serbia	South_Dakota	Uruguay	Vermont	Vietnam	Virginia	Washington	Wisconsin	Wyoming
Alabama	0.91287093	0.91287093	0.91287093	0.91287093	0.91287093	0.91287093	0.91287093	0.91287093	0.91287093	0.91287093	0.91287093	0.91287093	0.91287093	0.91287093	0.91287093	0.91287093	0.91287093	0.91287093	0.91287093	0.91287093	0.91287093	0.91287093	0.91287093	0.91287093	0.91287093	0.91287093	0.91287093	0.91287093	0.91287093	0.91287093	0.91287093	0.91287093	0.91287093
Arizona	-1.09544512	-1.09544512	-1.09544512	-1.09544512	-1.09544512	-1.09544512	-1.09544512	-1.09544512	-1.09544512	-1.09544512	-1.09544512	-1.09544512	-1.09544512	-1.09544512	-1.09544512	-1.09544512	-1.09544512	-1.09544512	-1.09544512	-1.09544512	-1.09544512	-1.09544512	-1.09544512	-1.09544512	-1.09544512	-1.09544512	-1.09544512	-1.09544512	-1.09544512	-1.09544512	-1.09544512	-1.09544512	-1.09544512
Chile	0.91287093	0.91287093	0.91287093	0.91287093	0.91287093	0.91287093	0.91287093	0.91287093	0.91287093	0.91287093	0.91287093	0.91287093	0.91287093	0.91287093	0.91287093	0.91287093	0.91287093	0.91287093	0.91287093	0.91287093	0.91287093	0.91287093	0.91287093	0.91287093	0.91287093	0.91287093	0.91287093	0.91287093	0.91287093	0.91287093	0.91287093	0.91287093	0.91287093
China	-1.09544512	-1.09544512	-1.09544512	-1.09544512	-1.09544512	-1.09544512	-1.09544512	-1.09544512	-1.09544512	-1.09544512	-1.09544512	-1.09544512	-1.09544512	-1.09544512	-1.09544512	-1.09544512	-1.09544512	-1.09544512	-1.09544512	-1.09544512	-1.09544512	-1.09544512	-1.09544512	-1.09544512	-1.09544512	-1.09544512	-1.09544512	-1.09544512	-1.09544512	-1.09544512	-1.09544512	-1.09544512	-1.09544512
Colombia	0.91287093	0.91287093	0.91287093	0.91287093	0.91287093	0.91287093	0.91287093	0.91287093	0.91287093	0.91287093	0.91287093	0.91287093	0.91287093	0.91287093	0.91287093	0.91287093	0.91287093	0.91287093	0.91287093	0.91287093	0.91287093	0.91287093	0.91287093	0.91287093	0.91287093	0.91287093	0.91287093	0.91287093	0.91287093	0.91287093	0.91287093	0.91287093	0.91287093
Delaware	-1.09544512	-1.09544512	-1.09544512	-1.09544512	-1.09544512	-1.09544512	-1.09544512	-1.09544512	-1.09544512	-1.09544512	-1.09544512	-1.09544512	-1.09544512	-1.09544512	-1.09544512	-1.09544512	-1.09544512	-1.09544512	-1.09544512	-1.09544512	-1.09544512	-1.09544512	-1.09544512	-1.09544512	-1.09544512	-1.09544512	-1.09544512	-1.09544512	-1.09544512	-1.09544512	-1.09544512	-1.09544512	-1.09544512
Egypt	-1.09544512	-1.09544512	-1.09544512	-1.09544512	-1.09544512	-1.09544512	-1.09544512	-1.09544512	-1.09544512	-1.09544512	-1.09544512	-1.09544512	-1.09544512	-1.09544512	-1.09544512	-1.09544512	-1.09544512	-1.09544512	-1.09544512	-1.09544512	-1.09544512	-1.09544512	-1.09544512	-1.09544512	-1.09544512	-1.09544512	-1.09544512	-1.09544512	-1.09544512	-1.09544512	-1.09544512	-1.09544512	-1.09544512
France	-1.09544512	-1.09544512	-1.09544512	-1.09544512	-1.09544512	-1.09544512	-1.09544512	-1.09544512	-1.09544512	-1.09544512	-1.09544512	-1.09544512	-1.09544512	-1.09544512	-1.09544512	-1.09544512	-1.09544512	-1.09544512	-1.09544512	-1.09544512	-1.09544512	-1.09544512	-1.09544512	-1.09544512	-1.09544512	-1.09544512	-1.09544512	-1.09544512	-1.09544512	-1.09544512	-1.09544512	-1.09544512	-1.09544512
Idaho	0.91287093	0.91287093	0.91287093	0.91287093	0.91287093	0.91287093	0.91287093	0.91287093	0.91287093	0.91287093	0.91287093	0.91287093	0.91287093	0.91287093	0.91287093	0.91287093	0.91287093	0.91287093	0.91287093	0.91287093	0.91287093	0.91287093	0.91287093	0.91287093	0.91287093	0.91287093	0.91287093	0.91287093	0.91287093	0.91287093	0.91287093	0.91287093	0.91287093
Illinois	-1.09544512	-1.09544512	-1.09544512	-1.09544512	-1.09544512	-1.09544512	-1.09544512	-1.09544512	-1.09544512	-1.09544512	-1.09544512	-1.09544512	-1.09544512	-1.09544512	-1.09544512	-1.09544512	-1.09544512	-1.09544512	-1.09544512	-1.09544512	-1.09544512	-1.09544512	-1.09544512	-1.09544512	-1.09544512	-1.09544512	-1.09544512	-1.09544512	-1.09544512	-1.09544512	-1.09544512	-1.09544512	-1.09544512
Indiana	-1.09544512	-1.09544512	-1.09544512	-1.09544512	-1.09544512	-1.09544512	-1.09544512	-1.09544512	-1.09544512	-1.09544512	-1.09544512	-1.09544512	-1.09544512	-1.09544512	-1.09544512	-1.09544512	-1.09544512	-1.09544512	-1.09544512	-1.09544512	-1.09544512	-1.09544512	-1.09544512	-1.09544512	-1.09544512	-1.09544512	-1.09544512	-1.09544512	-1.09544512	-1.09544512	-1.09544512	-1.09544512	-1.09544512
Japan	0.91287093	0.91287093	0.91287093	0.91287093	0.91287093	0.91287093	0.91287093	0.91287093	0.91287093	0.91287093	0.91287093	0.91287093	0.91287093	0.91287093	0.91287093	0.91287093	0.91287093	0.91287093	0.91287093	0.91287093	0.91287093	0.91287093	0.91287093	0.91287093	0.91287093	0.91287093	0.91287093	0.91287093	0.91287093	0.91287093	0.91287093	0.91287093	0.91287093
Kansas	0.91287093	0.91287093	0.91287093	0.91287093	0.91287093	0.91287093	0.91287093	0.91287093	0.91287093	0.91287093	0.91287093	0.91287093	0.91287093	0.91287093	0.91287093	0.91287093	0.91287093	0.91287093	0.91287093	0.91287093	0.91287093	0.91287093	0.91287093	0.91287093	0.91287093	0.91287093	0.91287093	0.91287093	0.91287093	0.91287093	0.91287093	0.91287093	0.91287093
Kazakhstan	-1.09544512	-1.09544512	-1.09544512	-1.09544512	-1.09544512	-1.09544512	-1.09544512	-1.09544512	-1.09544512	-1.09544512	-1.09544512	-1.09544512	-1.09544512	-1.09544512	-1.09544512	-1.09544512	-1.09544512	-1.09544512	-1.09544512	-1.09544512	-1.09544512	-1.09544512	-1.09544512	-1.09544512	-1.09544512	-1.09544512	-1.09544512	-1.09544512	-1.09544512	-1.09544512	-1.09544512	-1.09544512	-1.09544512
Kentucky	-1.09544512	-1.09544512	-1.09544512	-1.09544512	-1.09544512	-1.09544512	-1.09544512	-1.09544512	-1.09544512	-1.09544512	-1.09544512	-1.09544512	-1.09544512	-1.09544512	-1.09544512	-1.09544512	-1.09544512	-1.09544512	-1.09544512	-1.09544512	-1.09544512	-1.09544512	-1.09544512	-1.09544512	-1.09544512	-1.09544512	-1.09544512	-1.09544512	-1.09544512	-1.09544512	-1.09544512	-1.09544512	-1.09544512
Maine	-1.09544512	-1.09544512	-1.09544512	-1.09544512	-1.09544512	-1.09544512	-1.09544512	-1.09544512	-1.09544512	-1.09544512	-1.09544512	-1.09544512	-1.09544512	-1.09544512	-1.09544512	-1.09544512	-1.09544512	-1.09544512	-1.09544512	-1.09544512	-1.09544512	-1.09544512	-1.09544512	-1.09544512	-1.09544512	-1.09544512	-1.09544512	-1.09544512	-1.09544512	-1.09544512	-1.09544512	-1.09544512	-1.09544512
Michigan	0.91287093	0.91287093	0.91287093	0.91287093	0.91287093	0.91287093	0.91287093	0.91287093	0.91287093	0.91287093	0.91287093	0.91287093	0.91287093	0.91287093	0.91287093	0.91287093	0.91287093	0.91287093	0.91287093	0.91287093	0.91287093	0.91287093	0.91287093	0.91287093	0.91287093	0.91287093	0.91287093	0.91287093	0.91287093	0.91287093	0.91287093	0.91287093	0.91287093
Minnesota	0.91287093	0.91287093	0.91287093	0.91287093	0.91287093	0.91287093	0.91287093	0.91287093	0.91287093	0.91287093	0.91287093	0.91287093	0.91287093	0.91287093	0.91287093	0.91287093	0.91287093	0.91287093	0.91287093	0.91287093	0.91287093	0.91287093	0.91287093	0.91287093	0.91287093	0.91287093	0.91287093	0.91287093	0.91287093	0.91287093	0.91287093	0.91287093	0.91287093
Nevada	0.91287093	0.91287093	0.91287093	0.91287093	0.91287093	0.91287093	0.91287093	0.91287093	0.91287093	0.91287093	0.91287093	0.91287093	0.91287093	0.91287093	0.91287093	0.91287093	0.91287093	0.91287093	0.91287093	0.91287093	0.91287093	0.91287093	0.91287093	0.91287093	0.91287093	0.91287093	0.91287093	0.91287093	0.91287093	0.91287093	0.91287093	0.91287093	0.91287093
New_Jersey	0.91287093	0.91287093	0.91287093	0.91287093	0.91287093	0.91287093	0.91287093	0.91287093	0.91287093	0.91287093	0.91287093	0.91287093	0.91287093	0.91287093	0.91287093	0.91287093	0.91287093	0.91287093	0.91287093	0.91287093	0.91287093	0.91287093	0.91287093	0.91287093	0.91287093	0.91287093	0.91287093	0.91287093	0.91287093	0.91287093	0.91287093	0.91287093	0.91287093
New_York	0.91287093	0.91287093	0.91287093	0.91287093	0.91287093	0.91287093	0.91287093	0.91287093	0.91287093	0.91287093	0.91287093	0.91287093	0.91287093	0.91287093	0.91287093	0.91287093	0.91287093	0.91287093	0.91287093	0.91287093	0.91287093	0.91287093	0.91287093	0.91287093	0.91287093	0.91287093	0.91287093	0.91287093	0.91287093	0.91287093	0.91287093	0.91287093	0.91287093
North_Dakota	0.91287093	0.91287093	0.91287093	0.91287093	0.91287093	0.91287093	0.91287093	0.91287093	0.91287093	0.91287093	0.91287093	0.91287093	0.91287093	0.91287093	0.91287093	0.91287093	0.91287093	0.91287093	0.91287093	0.91287093	0.91287093	0.91287093	0.91287093	0.91287093	0.91287093	0.91287093	0.91287093	0.91287093	0.91287093	0.91287093	0.91287093	0.91287093	0.91287093
Oregon	0.91287093	0.91287093	0.91287093	0.91287093	0.91287093	0.91287093	0.91287093	0.91287093	0.91287093	0.91287093	0.91287093	0.91287093	0.91287093	0.91287093	0.91287093	0.91287093	0.91287093	0.91287093	0.91287093	0.91287093	0.91287093	0.91287093	0.91287093	0.91287093	0.91287093	0.91287093	0.91287093	0.91287093	0.91287093	0.91287093	0.91287093	0.91287093	0.91287093
Pennsylvania	0.91287093	0.91287093	0.91287093	0.91287093	0.91287093	0.91287093	0.91287093	0.91287093	0.91287093	0.91287093	0.91287093	0.91287093	0.91287093	0.91287093	0.91287093	0.91287093	0.91287093	0.91287093	0.91287093	0.91287093	0.91287093	0.91287093	0.91287093	0.91287093	0.91287093	0.91287093	0.91287093	0.91287093	0.91287093	0.91287093	0.91287093	0.91287093	0.91287093
Serbia	-1.09544512	-1.09544512	-1.09544512	-1.09544512	-1.09544512	-1.09544512	-1.09544512	-1.09544512	-1.09544512	-1.09544512	-1.09544512	-1.09544512	-1.09544512	-1.09544512	-1.09544512	-1.09544512	-1.09544512	-1.09544512	-1.09544512	-1.09544512	-1.09544512	-1.09544512	-1.09544512	-1.09544512	-1.09544512	-1.09544512	-1.09544512	-1.09544512	-1.09544512	-1.09544512	-1.09544512	-1.09544512	-1.09544512
South_Dakota	0.91287093	0.91287093	0.91287093	0.91287093	0.91287093	0.91287093	0.91287093	0.91287093	0.91287093	0.91287093	0.91287093	0.91287093	0.91287093	0.91287093	0.91287093	0.91287093	0.91287093	0.91287093	0.91287093	0.91287093	0.91287093	0.91287093	0.91287093	0.91287093	0.91287093	0.91287093	0.91287093	0.91287093	0.91287093	0.91287093	0.91287093	0.91287093	0.91287093
Uruguay	-1.09544512	-1.09544512	-1.09544512	-1.09544512	-1.09544512	-1.09544512	-1.09544512	-1.09544512	-1.09544512	-1.09544512	-1.09544512	-1.09544512	-1.09544512	-1.09544512	-1.09544512	-1.09544512	-1.09544512	-1.09544512	-1.09544512	-1.09544512	-1.09544512	-1.09544512	-1.09544512	-1.09544512	-1.09544512	-1.09544512	-1.09544512	-1.09544512	-1.09544512	-1.09544512	-1.09544512	-1.09544512	-1.09544512
Vermont	-1.09544512	-1.09544512	-1.09544512	-1.09544512	-1.09544512	-1.09544512	-1.09544512	-1.09544512	-1.09544512	-1.09544512	-1.09544512	-1.09544512	-1.09544512	-1.09544512	-1.09544512	-1.09544512	-1.09544512	-1.09544512	-1.09544512	-1.09544512	-1.09544512	-1.09544512	-1.09544512	-1.09544512	-1.09544512	-1.09544512	-1.09544512	-1.09544512	-1.09544512	-1.09544512	-1.09544512	-1.09544512	-1.09544512
Vietnam	-1.09544512	-1.09544512	-1.09544512	-1.09544512	-1.09544512	-1.09544512	-1.09544512	-1.09544512	-1.09544512	-1.09544512	-1.09544512	-1.09544512	-1.09544512	-1.09544512	-1.09544512	-1.09544512	-1.09544512	-1.09544512	-1.09544512	-1.09544512	-1.09544512	-1.09544512	-1.09544512	-1.09544512	-1.09544512	-1.09544512	-1.09544512	-1.09544512	-1.09544512	-1.09544512	-1.09544512	-1.09544512	-1.09544512
Virginia	0.91287093	0.91287093	0.91287093	0.91287093	0.91287093	0.91287093	0.91287093	0.91287093	0.91287093	0.91287093	0.91287093	0.91287093	0.91287093	0.91287093	0.91287093	0.91287093	0.91287093	0.91287093	0.91287093	0.91287093	0.91287093	0.91287093	0.91287093	0.91287093	0.91287093	0.91287093	0.91287093	0.91287093	0.91287093	0.91287093	0.91287093	0.91287093	0.91287093
Washington	0.91287093	0.91287093	0.91287093	0.91287093	0.91287093	0.91287093	0.91287093	0.91287093	0.91287093	0.91287093	0.91287093	0.91287093	0.91287093	0.91287093	0.91287093	0.91287093	0.91287093	0.91287093	0.91287093	0.91287093	0.91287093	0.91287093	0.91287093	0.91287093	0.91287093	0.91287093	0.91287093	0.91287093	0.91287093	0.91287093	0.91287093	0.91287093	0.91287093
Wisconsin	0.91287093	0.91287093	0.91287093	0.91287093	0.91287093	0.91287093	0.91287093	0.91287093	0.91287093	0.91287093	0.91287093	0.91287093	0.91287093	0.91287093	0.91287093	0.91287093	0.91287093	0.91287093	0.91287093	0.91287093	0.91287093	0.91287093	0.91287093	0.91287093	0.91287093	0.91287093	0.91287093	0.91287093	0.91287093	0.91287093	0.91287093	0.91287093	0.91287093
Wyoming	-1.09544512	-1.09544512	-1.09544512	-1.09544512	-1.09544512	-1.09544512	-1.09544512	-1.09544512	-1.09544512	-1.09544512	-1.09544512	-1.09544512	-1.09544512	-1.09544512	-1.09544512	-1.09544512	-1.09544512	-1.09544512	-1.09544512	-1.09544512	-1.09544512	-1.09544512	-1.09544512	-1.09544512	-1.09544512	-1.09544512	-1.09544512	-1.09544512	-1.09544512	-1.09544512	-1.09544512	-1.09544512	-1.09544512
