	Alabama	Arizona	Chile	China	Colombia	Delaware	Egypt	France	Idaho	Illinois	Indiana	Japan	Kansas	Kazakhstan	Kentucky	Maine	Michigan	Minnesota	Nevada	New_Jersey	New_York	North_Dakota	Oregon	Pennsylvania	Serbia	South_Dakota	Uruguay	Vermont	Vietnam	Virginia	Washington	Wisconsin	Wyoming
Alabama	-0.14591153	-0.14591153	-0.14591153	-0.14591153	-0.14591153	-0.14591153	-0.14591153	-0.14591153	-0.14591153	-0.14591153	-0.14591153	-0.14591153	-0.14591153	-0.14591153	-0.14591153	-0.14591153	-0.14591153	-0.14591153	-0.14591153	-0.14591153	-0.14591153	-0.14591153	-0.14591153	-0.14591153	-0.14591153	-0.14591153	-0.14591153	-0.14591153	-0.14591153	-0.14591153	-0.14591153	-0.14591153	-0.14591153
Arizona	0.26774688	0.26774688	0.26774688	0.26774688	0.26774688	0.26774688	0.26774688	0.26774688	0.26774688	0.26774688	0.26774688	0.26774688	0.26774688	0.26774688	0.26774688	0.26774688	0.26774688	0.26774688	0.26774688	0.26774688	0.26774688	0.26774688	0.26774688	0.26774688	0.26774688	0.26774688	0.26774688	0.26774688	0.26774688	0.26774688	0.26774688	0.26774688	0.26774688
Chile	-0.09309952	-0.09309952	-0.09309952	-0.09309952	-0.09309952	-0.09309952	-0.09309952	-0.09309952	-0.09309952	-0.09309952	-0.09309952	-0.09309952	-0.09309952	-0.09309952	-0.09309952	-0.09309952	-0.09309952	-0.09309952	-0.09309952	-0.09309952	-0.09309952	-0.09309952	-0.09309952	-0.09309952	-0.09309952	-0.09309952	-0.09309952	-0.09309952	-0.09309952	-0.09309952	-0.09309952	-0.09309952	-0.09309952
China	2.92783608	2.92783608	2.92783608	2.92783608	2.92783608	2.92783608	2.92783608	2.92783608	2.92783608	2.92783608	2.92783608	2.92783608	2.92783608	2.92783608	2.92783608	2.92783608	2.92783608	2.92783608	2.92783608	2.92783608	2.92783608	2.92783608	2.92783608	2.92783608	2.92783608	2.92783608	2.92783608	2.92783608	2.92783608	2.92783608	2.92783608	2.92783608	2.92783608
Colombia	-0.05784130	-0.05784130	-0.05784130	-0.05784130	-0.05784130	-0.05784130	-0.05784130	-0.05784130	-0.05784130	-0.05784130	-0.05784130	-0.05784130	-0.05784130	-0.05784130	-0.05784130	-0.05784130	-0.05784130	-0.05784130	-0.05784130	-0.05784130	-0.05784130	-0.05784130	-0.05784130	-0.05784130	-0.05784130	-0.05784130	-0.05784130	-0.05784130	-0.05784130	-0.05784130	-0.05784130	-0.05784130	-0.05784130
Delaware	-1.01807753	-1.01807753	-1.01807753	-1.01807753	-1.01807753	-1.01807753	-1.01807753	-1.01807753	-1.01807753	-1.01807753	-1.01807753	-1.01807753	-1.01807753	-1.01807753	-1.01807753	-1.01807753	-1.01807753	-1.01807753	-1.01807753	-1.01807753	-1.01807753	-1.01807753	-1.01807753	-1.01807753	-1.01807753	-1.01807753	-1.01807753	-1.01807753	-1.01807753	-1.01807753	-1.01807753	-1.01807753	-1.01807753
Egypt	-0.08906531	-0.08906531	-0.08906531	-0.08906531	-0.08906531	-0.08906531	-0.08906531	-0.08906531	-0.08906531	-0.08906531	-0.08906531	-0.08906531	-0.08906531	-0.08906531	-0.08906531	-0.08906531	-0.08906531	-0.08906531	-0.08906531	-0.08906531	-0.08906531	-0.08906531	-0.08906531	-0.08906531	-0.08906531	-0.08906531	-0.08906531	-0.08906531	-0.08906531	-0.08906531	-0.08906531	-0.08906531	-0.08906531
France	1.64904313	1.64904313	1.64904313	1.64904313	1.64904313	1.64904313	1.64904313	1.64904313	1.64904313	1.64904313	1.64904313	1.64904313	1.64904313	1.64904313	1.64904313	1.64904313	1.64904313	1.64904313	1.64904313	1.64904313	1.64904313	1.64904313	1.64904313	1.64904313	1.64904313	1.64904313	1.64904313	1.64904313	1.64904313	1.64904313	1.64904313	1.64904313	1.64904313
Idaho	-0.84897694	-0.84897694	-0.84897694	-0.84897694	-0.84897694	-0.84897694	-0.84897694	-0.84897694	-0.84897694	-0.84897694	-0.84897694	-0.84897694	-0.84897694	-0.84897694	-0.84897694	-0.84897694	-0.84897694	-0.84897694	-0.84897694	-0.84897694	-0.84897694	-0.84897694	-0.84897694	-0.84897694	-0.84897694	-0.84897694	-0.84897694	-0.84897694	-0.84897694	-0.84897694	-0.84897694	-0.84897694	-0.84897694
Illinois	0.81925203	0.81925203	0.81925203	0.81925203	0.81925203	0.81925203	0.81925203	0.81925203	0.81925203	0.81925203	0.81925203	0.81925203	0.81925203	0.81925203	0.81925203	0.81925203	0.81925203	0.81925203	0.81925203	0.81925203	0.81925203	0.81925203	0.81925203	0.81925203	0.81925203	0.81925203	0.81925203	0.81925203	0.81925203	0.81925203	0.81925203	0.81925203	0.81925203
Indiana	0.23249106	0.23249106	0.23249106	0.23249106	0.23249106	0.23249106	0.23249106	0.23249106	0.23249106	0.23249106	0.23249106	0.23249106	0.23249106	0.23249106	0.23249106	0.23249106	0.23249106	0.23249106	0.23249106	0.23249106	0.23249106	0.23249106	0.23249106	0.23249106	0.23249106	0.23249106	0.23249106	0.23249106	0.23249106	0.23249106	0.23249106	0.23249106	0.23249106
Japan	1.78748810	1.78748810	1.78748810	1.78748810	1.78748810	1.78748810	1.78748810	1.78748810	1.78748810	1.78748810	1.78748810	1.78748810	1.78748810	1.78748810	1.78748810	1.78748810	1.78748810	1.78748810	1.78748810	1.78748810	1.78748810	1.78748810	1.78748810	1.78748810	1.78748810	1.78748810	1.78748810	1.78748810	1.78748810	1.78748810	1.78748810	1.78748810	1.78748810
Kansas	-0.38889209	-0.38889209	-0.38889209	-0.38889209	-0.38889209	-0.38889209	-0.38889209	-0.38889209	-0.38889209	-0.38889209	-0.38889209	-0.38889209	-0.38889209	-0.38889209	-0.38889209	-0.38889209	-0.38889209	-0.38889209	-0.38889209	-0.38889209	-0.38889209	-0.38889209	-0.38889209	-0.38889209	-0.38889209	-0.38889209	-0.38889209	-0.38889209	-0.38889209	-0.38889209	-0.38889209	-0.38889209	-0.38889209
Kazakhstan	-0.20515678	-0.20515678	-0.20515678	-0.20515678	-0.20515678	-0.20515678	-0.20515678	-0.20515678	-0.20515678	-0.20515678	-0.20515678	-0.20515678	-0.20515678	-0.20515678	-0.20515678	-0.20515678	-0.20515678	-0.20515678	-0.20515678	-0.20515678	-0.20515678	-0.20515678	-0.20515678	-0.20515678	-0.20515678	-0.20515678	-0.20515678	-0.20515678	-0.20515678	-0.20515678	-0.20515678	-0.20515678	-0.20515678
Kentucky	-0.21768959	-0.21768959	-0.21768959	-0.21768959	-0.21768959	-0.21768959	-0.21768959	-0.21768959	-0.21768959	-0.21768959	-0.21768959	-0.21768959	-0.21768959	-0.21768959	-0.21768959	-0.21768959	-0.21768959	-0.21768959	-0.21768959	-0.21768959	-0.21768959	-0.21768959	-0.21768959	-0.21768959	-0.21768959	-0.21768959	-0.21768959	-0.21768959	-0.21768959	-0.21768959	-0.21768959	-0.21768959	-0.21768959
Maine	-1.05402752	-1.05402752	-1.05402752	-1.05402752	-1.05402752	-1.05402752	-1.05402752	-1.05402752	-1.05402752	-1.05402752	-1.05402752	-1.05402752	-1.05402752	-1.05402752	-1.05402752	-1.05402752	-1.05402752	-1.05402752	-1.05402752	-1.05402752	-1.05402752	-1.05402752	-1.05402752	-1.05402752	-1.05402752	-1.05402752	-1.05402752	-1.05402752	-1.05402752	-1.05402752	-1.05402752	-1.05402752	-1.05402752
Michigan	0.51962397	0.51962397	0.51962397	0.51962397	0.51962397	0.51962397	0.51962397	0.51962397	0.51962397	0.51962397	0.51962397	0.51962397	0.51962397	0.51962397	0.51962397	0.51962397	0.51962397	0.51962397	0.51962397	0.51962397	0.51962397	0.51962397	0.51962397	0.51962397	0.51962397	0.51962397	0.51962397	0.51962397	0.51962397	0.51962397	0.51962397	0.51962397	0.51962397
Minnesota	0.19133767	0.19133767	0.19133767	0.19133767	0.19133767	0.19133767	0.19133767	0.19133767	0.19133767	0.19133767	0.19133767	0.19133767	0.19133767	0.19133767	0.19133767	0.19133767	0.19133767	0.19133767	0.19133767	0.19133767	0.19133767	0.19133767	0.19133767	0.19133767	0.19133767	0.19133767	0.19133767	0.19133767	0.19133767	0.19133767	0.19133767	0.19133767	0.19133767
Nevada	-0.30896753	-0.30896753	-0.30896753	-0.30896753	-0.30896753	-0.30896753	-0.30896753	-0.30896753	-0.30896753	-0.30896753	-0.30896753	-0.30896753	-0.30896753	-0.30896753	-0.30896753	-0.30896753	-0.30896753	-0.30896753	-0.30896753	-0.30896753	-0.30896753	-0.30896753	-0.30896753	-0.30896753	-0.30896753	-0.30896753	-0.30896753	-0.30896753	-0.30896753	-0.30896753	-0.30896753	-0.30896753	-0.30896753
New_Jersey	0.59567683	0.59567683	0.59567683	0.59567683	0.59567683	0.59567683	0.59567683	0.59567683	0.59567683	0.59567683	0.59567683	0.59567683	0.59567683	0.59567683	0.59567683	0.59567683	0.59567683	0.59567683	0.59567683	0.59567683	0.59567683	0.59567683	0.59567683	0.59567683	0.59567683	0.59567683	0.59567683	0.59567683	0.59567683	0.59567683	0.59567683	0.59567683	0.59567683
New_York	1.36116712	1.36116712	1.36116712	1.36116712	1.36116712	1.36116712	1.36116712	1.36116712	1.36116712	1.36116712	1.36116712	1.36116712	1.36116712	1.36116712	1.36116712	1.36116712	1.36116712	1.36116712	1.36116712	1.36116712	1.36116712	1.36116712	1.36116712	1.36116712	1.36116712	1.36116712	1.36116712	1.36116712	1.36116712	1.36116712	1.36116712	1.36116712	1.36116712
North_Dakota	-1.26667775	-1.26667775	-1.26667775	-1.26667775	-1.26667775	-1.26667775	-1.26667775	-1.26667775	-1.26667775	-1.26667775	-1.26667775	-1.26667775	-1.26667775	-1.26667775	-1.26667775	-1.26667775	-1.26667775	-1.26667775	-1.26667775	-1.26667775	-1.26667775	-1.26667775	-1.26667775	-1.26667775	-1.26667775	-1.26667775	-1.26667775	-1.26667775	-1.26667775	-1.26667775	-1.26667775	-1.26667775	-1.26667775
Oregon	-0.12399418	-0.12399418	-0.12399418	-0.12399418	-0.12399418	-0.12399418	-0.12399418	-0.12399418	-0.12399418	-0.12399418	-0.12399418	-0.12399418	-0.12399418	-0.12399418	-0.12399418	-0.12399418	-0.12399418	-0.12399418	-0.12399418	-0.12399418	-0.12399418	-0.12399418	-0.12399418	-0.12399418	-0.12399418	-0.12399418	-0.12399418	-0.12399418	-0.12399418	-0.12399418	-0.12399418	-0.12399418	-0.12399418
Pennsylvania	0.74138976	0.74138976	0.74138976	0.74138976	0.74138976	0.74138976	0.74138976	0.74138976	0.74138976	0.74138976	0.74138976	0.74138976	0.74138976	0.74138976	0.74138976	0.74138976	0.74138976	0.74138976	0.74138976	0.74138976	0.74138976	0.74138976	0.74138976	0.74138976	0.74138976	0.74138976	0.74138976	0.74138976	0.74138976	0.74138976	0.74138976	0.74138976	0.74138976
Serbia	-1.04778984	-1.04778984	-1.04778984	-1.04778984	-1.04778984	-1.04778984	-1.04778984	-1.04778984	-1.04778984	-1.04778984	-1.04778984	-1.04778984	-1.04778984	-1.04778984	-1.04778984	-1.04778984	-1.04778984	-1.04778984	-1.04778984	-1.04778984	-1.04778984	-1.04778984	-1.04778984	-1.04778984	-1.04778984	-1.04778984	-1.04778984	-1.04778984	-1.04778984	-1.04778984	-1.04778984	-1.04778984	-1.04778984
South_Dakota	-1.26453844	-1.26453844	-1.26453844	-1.26453844	-1.26453844	-1.26453844	-1.26453844	-1.26453844	-1.26453844	-1.26453844	-1.26453844	-1.26453844	-1.26453844	-1.26453844	-1.26453844	-1.26453844	-1.26453844	-1.26453844	-1.26453844	-1.26453844	-1.26453844	-1.26453844	-1.26453844	-1.26453844	-1.26453844	-1.26453844	-1.26453844	-1.26453844	-1.26453844	-1.26453844	-1.26453844	-1.26453844	-1.26453844
Uruguay	-1.17297208	-1.17297208	-1.17297208	-1.17297208	-1.17297208	-1.17297208	-1.17297208	-1.17297208	-1.17297208	-1.17297208	-1.17297208	-1.17297208	-1.17297208	-1.17297208	-1.17297208	-1.17297208	-1.17297208	-1.17297208	-1.17297208	-1.17297208	-1.17297208	-1.17297208	-1.17297208	-1.17297208	-1.17297208	-1.17297208	-1.17297208	-1.17297208	-1.17297208	-1.17297208	-1.17297208	-1.17297208	-1.17297208
Vermont	-1.64204114	-1.64204114	-1.64204114	-1.64204114	-1.64204114	-1.64204114	-1.64204114	-1.64204114	-1.64204114	-1.64204114	-1.64204114	-1.64204114	-1.64204114	-1.64204114	-1.64204114	-1.64204114	-1.64204114	-1.64204114	-1.64204114	-1.64204114	-1.64204114	-1.64204114	-1.64204114	-1.64204114	-1.64204114	-1.64204114	-1.64204114	-1.64204114	-1.64204114	-1.64204114	-1.64204114	-1.64204114	-1.64204114
Vietnam	0.14970610	0.14970610	0.14970610	0.14970610	0.14970610	0.14970610	0.14970610	0.14970610	0.14970610	0.14970610	0.14970610	0.14970610	0.14970610	0.14970610	0.14970610	0.14970610	0.14970610	0.14970610	0.14970610	0.14970610	0.14970610	0.14970610	0.14970610	0.14970610	0.14970610	0.14970610	0.14970610	0.14970610	0.14970610	0.14970610	0.14970610	0.14970610	0.14970610
Virginia	0.51781159	0.51781159	0.51781159	0.51781159	0.51781159	0.51781159	0.51781159	0.51781159	0.51781159	0.51781159	0.51781159	0.51781159	0.51781159	0.51781159	0.51781159	0.51781159	0.51781159	0.51781159	0.51781159	0.51781159	0.51781159	0.51781159	0.51781159	0.51781159	0.51781159	0.51781159	0.51781159	0.51781159	0.51781159	0.51781159	0.51781159	0.51781159	0.51781159
Washington	0.60287629	0.60287629	0.60287629	0.60287629	0.60287629	0.60287629	0.60287629	0.60287629	0.60287629	0.60287629	0.60287629	0.60287629	0.60287629	0.60287629	0.60287629	0.60287629	0.60287629	0.60287629	0.60287629	0.60287629	0.60287629	0.60287629	0.60287629	0.60287629	0.60287629	0.60287629	0.60287629	0.60287629	0.60287629	0.60287629	0.60287629	0.60287629	0.60287629
Wisconsin	0.11544901	0.11544901	0.11544901	0.11544901	0.11544901	0.11544901	0.11544901	0.11544901	0.11544901	0.11544901	0.11544901	0.11544901	0.11544901	0.11544901	0.11544901	0.11544901	0.11544901	0.11544901	0.11544901	0.11544901	0.11544901	0.11544901	0.11544901	0.11544901	0.11544901	0.11544901	0.11544901	0.11544901	0.11544901	0.11544901	0.11544901	0.11544901	0.11544901
Wyoming	-1.53317656	-1.53317656	-1.53317656	-1.53317656	-1.53317656	-1.53317656	-1.53317656	-1.53317656	-1.53317656	-1.53317656	-1.53317656	-1.53317656	-1.53317656	-1.53317656	-1.53317656	-1.53317656	-1.53317656	-1.53317656	-1.53317656	-1.53317656	-1.53317656	-1.53317656	-1.53317656	-1.53317656	-1.53317656	-1.53317656	-1.53317656	-1.53317656	-1.53317656	-1.53317656	-1.53317656	-1.53317656	-1.53317656
