	Austria	Belgium	Bulgaria	Czech_Republic	France	Germany	Greece	Hungary	Iran	Italy	Moldova	Namibia	Netherlands	Poland	Romania	Russia	Serbia	Slovakia	Slovenia	South_Africa	Spain	Uganda	Zambia
Austria	0.22524336	0.22524336	0.22524336	0.22524336	0.22524336	0.22524336	0.22524336	0.22524336	0.22524336	0.22524336	0.22524336	0.22524336	0.22524336	0.22524336	0.22524336	0.22524336	0.22524336	0.22524336	0.22524336	0.22524336	0.22524336	0.22524336	0.22524336
Belgium	-0.44218123	-0.44218123	-0.44218123	-0.44218123	-0.44218123	-0.44218123	-0.44218123	-0.44218123	-0.44218123	-0.44218123	-0.44218123	-0.44218123	-0.44218123	-0.44218123	-0.44218123	-0.44218123	-0.44218123	-0.44218123	-0.44218123	-0.44218123	-0.44218123	-0.44218123	-0.44218123
Bulgaria	0.80102058	0.80102058	0.80102058	0.80102058	0.80102058	0.80102058	0.80102058	0.80102058	0.80102058	0.80102058	0.80102058	0.80102058	0.80102058	0.80102058	0.80102058	0.80102058	0.80102058	0.80102058	0.80102058	0.80102058	0.80102058	0.80102058	0.80102058
Czech_Republic	0.39250014	0.39250014	0.39250014	0.39250014	0.39250014	0.39250014	0.39250014	0.39250014	0.39250014	0.39250014	0.39250014	0.39250014	0.39250014	0.39250014	0.39250014	0.39250014	0.39250014	0.39250014	0.39250014	0.39250014	0.39250014	0.39250014	0.39250014
France	-0.35053386	-0.35053386	-0.35053386	-0.35053386	-0.35053386	-0.35053386	-0.35053386	-0.35053386	-0.35053386	-0.35053386	-0.35053386	-0.35053386	-0.35053386	-0.35053386	-0.35053386	-0.35053386	-0.35053386	-0.35053386	-0.35053386	-0.35053386	-0.35053386	-0.35053386	-0.35053386
Germany	-0.10649939	-0.10649939	-0.10649939	-0.10649939	-0.10649939	-0.10649939	-0.10649939	-0.10649939	-0.10649939	-0.10649939	-0.10649939	-0.10649939	-0.10649939	-0.10649939	-0.10649939	-0.10649939	-0.10649939	-0.10649939	-0.10649939	-0.10649939	-0.10649939	-0.10649939	-0.10649939
Greece	-0.03366079	-0.03366079	-0.03366079	-0.03366079	-0.03366079	-0.03366079	-0.03366079	-0.03366079	-0.03366079	-0.03366079	-0.03366079	-0.03366079	-0.03366079	-0.03366079	-0.03366079	-0.03366079	-0.03366079	-0.03366079	-0.03366079	-0.03366079	-0.03366079	-0.03366079	-0.03366079
Hungary	0.76101677	0.76101677	0.76101677	0.76101677	0.76101677	0.76101677	0.76101677	0.76101677	0.76101677	0.76101677	0.76101677	0.76101677	0.76101677	0.76101677	0.76101677	0.76101677	0.76101677	0.76101677	0.76101677	0.76101677	0.76101677	0.76101677	0.76101677
Iran	0.91468453	0.91468453	0.91468453	0.91468453	0.91468453	0.91468453	0.91468453	0.91468453	0.91468453	0.91468453	0.91468453	0.91468453	0.91468453	0.91468453	0.91468453	0.91468453	0.91468453	0.91468453	0.91468453	0.91468453	0.91468453	0.91468453	0.91468453
Italy	0.03562326	0.03562326	0.03562326	0.03562326	0.03562326	0.03562326	0.03562326	0.03562326	0.03562326	0.03562326	0.03562326	0.03562326	0.03562326	0.03562326	0.03562326	0.03562326	0.03562326	0.03562326	0.03562326	0.03562326	0.03562326	0.03562326	0.03562326
Moldova	1.26750994	1.26750994	1.26750994	1.26750994	1.26750994	1.26750994	1.26750994	1.26750994	1.26750994	1.26750994	1.26750994	1.26750994	1.26750994	1.26750994	1.26750994	1.26750994	1.26750994	1.26750994	1.26750994	1.26750994	1.26750994	1.26750994	1.26750994
Namibia	-1.52445162	-1.52445162	-1.52445162	-1.52445162	-1.52445162	-1.52445162	-1.52445162	-1.52445162	-1.52445162	-1.52445162	-1.52445162	-1.52445162	-1.52445162	-1.52445162	-1.52445162	-1.52445162	-1.52445162	-1.52445162	-1.52445162	-1.52445162	-1.52445162	-1.52445162	-1.52445162
Netherlands	-0.64539034	-0.64539034	-0.64539034	-0.64539034	-0.64539034	-0.64539034	-0.64539034	-0.64539034	-0.64539034	-0.64539034	-0.64539034	-0.64539034	-0.64539034	-0.64539034	-0.64539034	-0.64539034	-0.64539034	-0.64539034	-0.64539034	-0.64539034	-0.64539034	-0.64539034	-0.64539034
Poland	0.49397482	0.49397482	0.49397482	0.49397482	0.49397482	0.49397482	0.49397482	0.49397482	0.49397482	0.49397482	0.49397482	0.49397482	0.49397482	0.49397482	0.49397482	0.49397482	0.49397482	0.49397482	0.49397482	0.49397482	0.49397482	0.49397482	0.49397482
Romania	1.05333520	1.05333520	1.05333520	1.05333520	1.05333520	1.05333520	1.05333520	1.05333520	1.05333520	1.05333520	1.05333520	1.05333520	1.05333520	1.05333520	1.05333520	1.05333520	1.05333520	1.05333520	1.05333520	1.05333520	1.05333520	1.05333520	1.05333520
Russia	1.35025419	1.35025419	1.35025419	1.35025419	1.35025419	1.35025419	1.35025419	1.35025419	1.35025419	1.35025419	1.35025419	1.35025419	1.35025419	1.35025419	1.35025419	1.35025419	1.35025419	1.35025419	1.35025419	1.35025419	1.35025419	1.35025419	1.35025419
Serbia	0.83992825	0.83992825	0.83992825	0.83992825	0.83992825	0.83992825	0.83992825	0.83992825	0.83992825	0.83992825	0.83992825	0.83992825	0.83992825	0.83992825	0.83992825	0.83992825	0.83992825	0.83992825	0.83992825	0.83992825	0.83992825	0.83992825	0.83992825
Slovakia	0.71985327	0.71985327	0.71985327	0.71985327	0.71985327	0.71985327	0.71985327	0.71985327	0.71985327	0.71985327	0.71985327	0.71985327	0.71985327	0.71985327	0.71985327	0.71985327	0.71985327	0.71985327	0.71985327	0.71985327	0.71985327	0.71985327	0.71985327
Slovenia	0.44414370	0.44414370	0.44414370	0.44414370	0.44414370	0.44414370	0.44414370	0.44414370	0.44414370	0.44414370	0.44414370	0.44414370	0.44414370	0.44414370	0.44414370	0.44414370	0.44414370	0.44414370	0.44414370	0.44414370	0.44414370	0.44414370	0.44414370
South_Africa	-1.33483152	-1.33483152	-1.33483152	-1.33483152	-1.33483152	-1.33483152	-1.33483152	-1.33483152	-1.33483152	-1.33483152	-1.33483152	-1.33483152	-1.33483152	-1.33483152	-1.33483152	-1.33483152	-1.33483152	-1.33483152	-1.33483152	-1.33483152	-1.33483152	-1.33483152	-1.33483152
Spain	-0.54015396	-0.54015396	-0.54015396	-0.54015396	-0.54015396	-0.54015396	-0.54015396	-0.54015396	-0.54015396	-0.54015396	-0.54015396	-0.54015396	-0.54015396	-0.54015396	-0.54015396	-0.54015396	-0.54015396	-0.54015396	-0.54015396	-0.54015396	-0.54015396	-0.54015396	-0.54015396
Uganda	-2.31912918	-2.31912918	-2.31912918	-2.31912918	-2.31912918	-2.31912918	-2.31912918	-2.31912918	-2.31912918	-2.31912918	-2.31912918	-2.31912918	-2.31912918	-2.31912918	-2.31912918	-2.31912918	-2.31912918	-2.31912918	-2.31912918	-2.31912918	-2.31912918	-2.31912918	-2.31912918
Zambia	-2.00225611	-2.00225611	-2.00225611	-2.00225611	-2.00225611	-2.00225611	-2.00225611	-2.00225611	-2.00225611	-2.00225611	-2.00225611	-2.00225611	-2.00225611	-2.00225611	-2.00225611	-2.00225611	-2.00225611	-2.00225611	-2.00225611	-2.00225611	-2.00225611	-2.00225611	-2.00225611
