	Austria	Belgium	Bulgaria	Czech_Republic	France	Germany	Greece	Hungary	Iran	Italy	Moldova	Namibia	Netherlands	Poland	Romania	Russia	Serbia	Slovakia	Slovenia	South_Africa	Spain	Uganda	Zambia
Austria	-0.61109858	-0.61109858	-0.61109858	-0.61109858	-0.61109858	-0.61109858	-0.61109858	-0.61109858	-0.61109858	-0.61109858	-0.61109858	-0.61109858	-0.61109858	-0.61109858	-0.61109858	-0.61109858	-0.61109858	-0.61109858	-0.61109858	-0.61109858	-0.61109858	-0.61109858	-0.61109858
Belgium	-1.26587048	-1.26587048	-1.26587048	-1.26587048	-1.26587048	-1.26587048	-1.26587048	-1.26587048	-1.26587048	-1.26587048	-1.26587048	-1.26587048	-1.26587048	-1.26587048	-1.26587048	-1.26587048	-1.26587048	-1.26587048	-1.26587048	-1.26587048	-1.26587048	-1.26587048	-1.26587048
Bulgaria	-0.42870025	-0.42870025	-0.42870025	-0.42870025	-0.42870025	-0.42870025	-0.42870025	-0.42870025	-0.42870025	-0.42870025	-0.42870025	-0.42870025	-0.42870025	-0.42870025	-0.42870025	-0.42870025	-0.42870025	-0.42870025	-0.42870025	-0.42870025	-0.42870025	-0.42870025	-0.42870025
Czech_Republic	-0.65118680	-0.65118680	-0.65118680	-0.65118680	-0.65118680	-0.65118680	-0.65118680	-0.65118680	-0.65118680	-0.65118680	-0.65118680	-0.65118680	-0.65118680	-0.65118680	-0.65118680	-0.65118680	-0.65118680	-0.65118680	-0.65118680	-0.65118680	-0.65118680	-0.65118680	-0.65118680
France	0.71603200	0.71603200	0.71603200	0.71603200	0.71603200	0.71603200	0.71603200	0.71603200	0.71603200	0.71603200	0.71603200	0.71603200	0.71603200	0.71603200	0.71603200	0.71603200	0.71603200	0.71603200	0.71603200	0.71603200	0.71603200	0.71603200	0.71603200
Germany	0.33312811	0.33312811	0.33312811	0.33312811	0.33312811	0.33312811	0.33312811	0.33312811	0.33312811	0.33312811	0.33312811	0.33312811	0.33312811	0.33312811	0.33312811	0.33312811	0.33312811	0.33312811	0.33312811	0.33312811	0.33312811	0.33312811	0.33312811
Greece	-0.31604474	-0.31604474	-0.31604474	-0.31604474	-0.31604474	-0.31604474	-0.31604474	-0.31604474	-0.31604474	-0.31604474	-0.31604474	-0.31604474	-0.31604474	-0.31604474	-0.31604474	-0.31604474	-0.31604474	-0.31604474	-0.31604474	-0.31604474	-0.31604474	-0.31604474	-0.31604474
Hungary	-0.54380319	-0.54380319	-0.54380319	-0.54380319	-0.54380319	-0.54380319	-0.54380319	-0.54380319	-0.54380319	-0.54380319	-0.54380319	-0.54380319	-0.54380319	-0.54380319	-0.54380319	-0.54380319	-0.54380319	-0.54380319	-0.54380319	-0.54380319	-0.54380319	-0.54380319	-0.54380319
Iran	1.32817893	1.32817893	1.32817893	1.32817893	1.32817893	1.32817893	1.32817893	1.32817893	1.32817893	1.32817893	1.32817893	1.32817893	1.32817893	1.32817893	1.32817893	1.32817893	1.32817893	1.32817893	1.32817893	1.32817893	1.32817893	1.32817893	1.32817893
Italy	0.22325359	0.22325359	0.22325359	0.22325359	0.22325359	0.22325359	0.22325359	0.22325359	0.22325359	0.22325359	0.22325359	0.22325359	0.22325359	0.22325359	0.22325359	0.22325359	0.22325359	0.22325359	0.22325359	0.22325359	0.22325359	0.22325359	0.22325359
Moldova	-1.20212566	-1.20212566	-1.20212566	-1.20212566	-1.20212566	-1.20212566	-1.20212566	-1.20212566	-1.20212566	-1.20212566	-1.20212566	-1.20212566	-1.20212566	-1.20212566	-1.20212566	-1.20212566	-1.20212566	-1.20212566	-1.20212566	-1.20212566	-1.20212566	-1.20212566	-1.20212566
Namibia	0.87800779	0.87800779	0.87800779	0.87800779	0.87800779	0.87800779	0.87800779	0.87800779	0.87800779	0.87800779	0.87800779	0.87800779	0.87800779	0.87800779	0.87800779	0.87800779	0.87800779	0.87800779	0.87800779	0.87800779	0.87800779	0.87800779	0.87800779
Netherlands	-1.13744930	-1.13744930	-1.13744930	-1.13744930	-1.13744930	-1.13744930	-1.13744930	-1.13744930	-1.13744930	-1.13744930	-1.13744930	-1.13744930	-1.13744930	-1.13744930	-1.13744930	-1.13744930	-1.13744930	-1.13744930	-1.13744930	-1.13744930	-1.13744930	-1.13744930	-1.13744930
Poland	0.24574415	0.24574415	0.24574415	0.24574415	0.24574415	0.24574415	0.24574415	0.24574415	0.24574415	0.24574415	0.24574415	0.24574415	0.24574415	0.24574415	0.24574415	0.24574415	0.24574415	0.24574415	0.24574415	0.24574415	0.24574415	0.24574415	0.24574415
Romania	0.06910774	0.06910774	0.06910774	0.06910774	0.06910774	0.06910774	0.06910774	0.06910774	0.06910774	0.06910774	0.06910774	0.06910774	0.06910774	0.06910774	0.06910774	0.06910774	0.06910774	0.06910774	0.06910774	0.06910774	0.06910774	0.06910774	0.06910774
Russia	2.85062925	2.85062925	2.85062925	2.85062925	2.85062925	2.85062925	2.85062925	2.85062925	2.85062925	2.85062925	2.85062925	2.85062925	2.85062925	2.85062925	2.85062925	2.85062925	2.85062925	2.85062925	2.85062925	2.85062925	2.85062925	2.85062925	2.85062925
Serbia	-0.57618450	-0.57618450	-0.57618450	-0.57618450	-0.57618450	-0.57618450	-0.57618450	-0.57618450	-0.57618450	-0.57618450	-0.57618450	-0.57618450	-0.57618450	-0.57618450	-0.57618450	-0.57618450	-0.57618450	-0.57618450	-0.57618450	-0.57618450	-0.57618450	-0.57618450	-0.57618450
Slovakia	-0.96069626	-0.96069626	-0.96069626	-0.96069626	-0.96069626	-0.96069626	-0.96069626	-0.96069626	-0.96069626	-0.96069626	-0.96069626	-0.96069626	-0.96069626	-0.96069626	-0.96069626	-0.96069626	-0.96069626	-0.96069626	-0.96069626	-0.96069626	-0.96069626	-0.96069626	-0.96069626
Slovenia	-1.53590539	-1.53590539	-1.53590539	-1.53590539	-1.53590539	-1.53590539	-1.53590539	-1.53590539	-1.53590539	-1.53590539	-1.53590539	-1.53590539	-1.53590539	-1.53590539	-1.53590539	-1.53590539	-1.53590539	-1.53590539	-1.53590539	-1.53590539	-1.53590539	-1.53590539	-1.53590539
South_Africa	1.13179621	1.13179621	1.13179621	1.13179621	1.13179621	1.13179621	1.13179621	1.13179621	1.13179621	1.13179621	1.13179621	1.13179621	1.13179621	1.13179621	1.13179621	1.13179621	1.13179621	1.13179621	1.13179621	1.13179621	1.13179621	1.13179621	1.13179621
Spain	0.55917854	0.55917854	0.55917854	0.55917854	0.55917854	0.55917854	0.55917854	0.55917854	0.55917854	0.55917854	0.55917854	0.55917854	0.55917854	0.55917854	0.55917854	0.55917854	0.55917854	0.55917854	0.55917854	0.55917854	0.55917854	0.55917854	0.55917854
Uganda	0.07628204	0.07628204	0.07628204	0.07628204	0.07628204	0.07628204	0.07628204	0.07628204	0.07628204	0.07628204	0.07628204	0.07628204	0.07628204	0.07628204	0.07628204	0.07628204	0.07628204	0.07628204	0.07628204	0.07628204	0.07628204	0.07628204	0.07628204
Zambia	0.81772681	0.81772681	0.81772681	0.81772681	0.81772681	0.81772681	0.81772681	0.81772681	0.81772681	0.81772681	0.81772681	0.81772681	0.81772681	0.81772681	0.81772681	0.81772681	0.81772681	0.81772681	0.81772681	0.81772681	0.81772681	0.81772681	0.81772681
