	Austria	Belgium	Bulgaria	Czech_Republic	France	Germany	Greece	Hungary	Iran	Italy	Moldova	Namibia	Netherlands	Poland	Romania	Russia	Serbia	Slovakia	Slovenia	South_Africa	Spain	Uganda	Zambia
Austria	0.33008844	0.33008844	0.33008844	0.33008844	0.33008844	0.33008844	0.33008844	0.33008844	0.33008844	0.33008844	0.33008844	0.33008844	0.33008844	0.33008844	0.33008844	0.33008844	0.33008844	0.33008844	0.33008844	0.33008844	0.33008844	0.33008844	0.33008844
Belgium	0.41102822	0.41102822	0.41102822	0.41102822	0.41102822	0.41102822	0.41102822	0.41102822	0.41102822	0.41102822	0.41102822	0.41102822	0.41102822	0.41102822	0.41102822	0.41102822	0.41102822	0.41102822	0.41102822	0.41102822	0.41102822	0.41102822	0.41102822
Bulgaria	-0.59988580	-0.59988580	-0.59988580	-0.59988580	-0.59988580	-0.59988580	-0.59988580	-0.59988580	-0.59988580	-0.59988580	-0.59988580	-0.59988580	-0.59988580	-0.59988580	-0.59988580	-0.59988580	-0.59988580	-0.59988580	-0.59988580	-0.59988580	-0.59988580	-0.59988580	-0.59988580
Czech_Republic	0.08610805	0.08610805	0.08610805	0.08610805	0.08610805	0.08610805	0.08610805	0.08610805	0.08610805	0.08610805	0.08610805	0.08610805	0.08610805	0.08610805	0.08610805	0.08610805	0.08610805	0.08610805	0.08610805	0.08610805	0.08610805	0.08610805	0.08610805
France	1.44302779	1.44302779	1.44302779	1.44302779	1.44302779	1.44302779	1.44302779	1.44302779	1.44302779	1.44302779	1.44302779	1.44302779	1.44302779	1.44302779	1.44302779	1.44302779	1.44302779	1.44302779	1.44302779	1.44302779	1.44302779	1.44302779	1.44302779
Germany	1.69286006	1.69286006	1.69286006	1.69286006	1.69286006	1.69286006	1.69286006	1.69286006	1.69286006	1.69286006	1.69286006	1.69286006	1.69286006	1.69286006	1.69286006	1.69286006	1.69286006	1.69286006	1.69286006	1.69286006	1.69286006	1.69286006	1.69286006
Greece	-0.10579188	-0.10579188	-0.10579188	-0.10579188	-0.10579188	-0.10579188	-0.10579188	-0.10579188	-0.10579188	-0.10579188	-0.10579188	-0.10579188	-0.10579188	-0.10579188	-0.10579188	-0.10579188	-0.10579188	-0.10579188	-0.10579188	-0.10579188	-0.10579188	-0.10579188	-0.10579188
Hungary	-0.18673797	-0.18673797	-0.18673797	-0.18673797	-0.18673797	-0.18673797	-0.18673797	-0.18673797	-0.18673797	-0.18673797	-0.18673797	-0.18673797	-0.18673797	-0.18673797	-0.18673797	-0.18673797	-0.18673797	-0.18673797	-0.18673797	-0.18673797	-0.18673797	-0.18673797	-0.18673797
Iran	0.04069411	0.04069411	0.04069411	0.04069411	0.04069411	0.04069411	0.04069411	0.04069411	0.04069411	0.04069411	0.04069411	0.04069411	0.04069411	0.04069411	0.04069411	0.04069411	0.04069411	0.04069411	0.04069411	0.04069411	0.04069411	0.04069411	0.04069411
Italy	1.20612123	1.20612123	1.20612123	1.20612123	1.20612123	1.20612123	1.20612123	1.20612123	1.20612123	1.20612123	1.20612123	1.20612123	1.20612123	1.20612123	1.20612123	1.20612123	1.20612123	1.20612123	1.20612123	1.20612123	1.20612123	1.20612123	1.20612123
Moldova	-1.77163700	-1.77163700	-1.77163700	-1.77163700	-1.77163700	-1.77163700	-1.77163700	-1.77163700	-1.77163700	-1.77163700	-1.77163700	-1.77163700	-1.77163700	-1.77163700	-1.77163700	-1.77163700	-1.77163700	-1.77163700	-1.77163700	-1.77163700	-1.77163700	-1.77163700	-1.77163700
Namibia	-1.95249586	-1.95249586	-1.95249586	-1.95249586	-1.95249586	-1.95249586	-1.95249586	-1.95249586	-1.95249586	-1.95249586	-1.95249586	-1.95249586	-1.95249586	-1.95249586	-1.95249586	-1.95249586	-1.95249586	-1.95249586	-1.95249586	-1.95249586	-1.95249586	-1.95249586	-1.95249586
Netherlands	0.85911408	0.85911408	0.85911408	0.85911408	0.85911408	0.85911408	0.85911408	0.85911408	0.85911408	0.85911408	0.85911408	0.85911408	0.85911408	0.85911408	0.85911408	0.85911408	0.85911408	0.85911408	0.85911408	0.85911408	0.85911408	0.85911408	0.85911408
Poland	0.70958011	0.70958011	0.70958011	0.70958011	0.70958011	0.70958011	0.70958011	0.70958011	0.70958011	0.70958011	0.70958011	0.70958011	0.70958011	0.70958011	0.70958011	0.70958011	0.70958011	0.70958011	0.70958011	0.70958011	0.70958011	0.70958011	0.70958011
Romania	0.14684784	0.14684784	0.14684784	0.14684784	0.14684784	0.14684784	0.14684784	0.14684784	0.14684784	0.14684784	0.14684784	0.14684784	0.14684784	0.14684784	0.14684784	0.14684784	0.14684784	0.14684784	0.14684784	0.14684784	0.14684784	0.14684784	0.14684784
Russia	1.26804451	1.26804451	1.26804451	1.26804451	1.26804451	1.26804451	1.26804451	1.26804451	1.26804451	1.26804451	1.26804451	1.26804451	1.26804451	1.26804451	1.26804451	1.26804451	1.26804451	1.26804451	1.26804451	1.26804451	1.26804451	1.26804451	1.26804451
Serbia	-0.75346578	-0.75346578	-0.75346578	-0.75346578	-0.75346578	-0.75346578	-0.75346578	-0.75346578	-0.75346578	-0.75346578	-0.75346578	-0.75346578	-0.75346578	-0.75346578	-0.75346578	-0.75346578	-0.75346578	-0.75346578	-0.75346578	-0.75346578	-0.75346578	-0.75346578	-0.75346578
Slovakia	-0.48153208	-0.48153208	-0.48153208	-0.48153208	-0.48153208	-0.48153208	-0.48153208	-0.48153208	-0.48153208	-0.48153208	-0.48153208	-0.48153208	-0.48153208	-0.48153208	-0.48153208	-0.48153208	-0.48153208	-0.48153208	-0.48153208	-0.48153208	-0.48153208	-0.48153208	-0.48153208
Slovenia	-0.89936240	-0.89936240	-0.89936240	-0.89936240	-0.89936240	-0.89936240	-0.89936240	-0.89936240	-0.89936240	-0.89936240	-0.89936240	-0.89936240	-0.89936240	-0.89936240	-0.89936240	-0.89936240	-0.89936240	-0.89936240	-0.89936240	-0.89936240	-0.89936240	-0.89936240	-0.89936240
South_Africa	0.15254633	0.15254633	0.15254633	0.15254633	0.15254633	0.15254633	0.15254633	0.15254633	0.15254633	0.15254633	0.15254633	0.15254633	0.15254633	0.15254633	0.15254633	0.15254633	0.15254633	0.15254633	0.15254633	0.15254633	0.15254633	0.15254633	0.15254633
Spain	0.98680398	0.98680398	0.98680398	0.98680398	0.98680398	0.98680398	0.98680398	0.98680398	0.98680398	0.98680398	0.98680398	0.98680398	0.98680398	0.98680398	0.98680398	0.98680398	0.98680398	0.98680398	0.98680398	0.98680398	0.98680398	0.98680398	0.98680398
Uganda	-1.02310596	-1.02310596	-1.02310596	-1.02310596	-1.02310596	-1.02310596	-1.02310596	-1.02310596	-1.02310596	-1.02310596	-1.02310596	-1.02310596	-1.02310596	-1.02310596	-1.02310596	-1.02310596	-1.02310596	-1.02310596	-1.02310596	-1.02310596	-1.02310596	-1.02310596	-1.02310596
Zambia	-1.55885003	-1.55885003	-1.55885003	-1.55885003	-1.55885003	-1.55885003	-1.55885003	-1.55885003	-1.55885003	-1.55885003	-1.55885003	-1.55885003	-1.55885003	-1.55885003	-1.55885003	-1.55885003	-1.55885003	-1.55885003	-1.55885003	-1.55885003	-1.55885003	-1.55885003	-1.55885003
