	hainan	hubei	yunnan	guangdong	jiangsu	zhejiang	hunan	sichuan	shaanxi	heilongjiang	jiangxi	henan	shanxi	tibet	anhui	guizhou	shanghai	ningxia	california	missouri	cambodia	sweden	australia	tunisia	greece	belgium	burkina_faso	united_kingdom
hainan	-0.18302170	-0.18302170	-0.18302170	-0.18302170	-0.18302170	-0.18302170	-0.18302170	-0.18302170	-0.18302170	-0.18302170	-0.18302170	-0.18302170	-0.18302170	-0.18302170	-0.18302170	-0.18302170	-0.18302170	-0.18302170	-0.18302170	-0.18302170	-0.18302170	-0.18302170	-0.18302170	-0.18302170	-0.18302170	-0.18302170	-0.18302170	-0.18302170
hubei	0.64634143	0.64634143	0.64634143	0.64634143	0.64634143	0.64634143	0.64634143	0.64634143	0.64634143	0.64634143	0.64634143	0.64634143	0.64634143	0.64634143	0.64634143	0.64634143	0.64634143	0.64634143	0.64634143	0.64634143	0.64634143	0.64634143	0.64634143	0.64634143	0.64634143	0.64634143	0.64634143	0.64634143
yunnan	1.13015023	1.13015023	1.13015023	1.13015023	1.13015023	1.13015023	1.13015023	1.13015023	1.13015023	1.13015023	1.13015023	1.13015023	1.13015023	1.13015023	1.13015023	1.13015023	1.13015023	1.13015023	1.13015023	1.13015023	1.13015023	1.13015023	1.13015023	1.13015023	1.13015023	1.13015023	1.13015023	1.13015023
guangdong	0.23125373	0.23125373	0.23125373	0.23125373	0.23125373	0.23125373	0.23125373	0.23125373	0.23125373	0.23125373	0.23125373	0.23125373	0.23125373	0.23125373	0.23125373	0.23125373	0.23125373	0.23125373	0.23125373	0.23125373	0.23125373	0.23125373	0.23125373	0.23125373	0.23125373	0.23125373	0.23125373	0.23125373
jiangsu	-2.18486125	-2.18486125	-2.18486125	-2.18486125	-2.18486125	-2.18486125	-2.18486125	-2.18486125	-2.18486125	-2.18486125	-2.18486125	-2.18486125	-2.18486125	-2.18486125	-2.18486125	-2.18486125	-2.18486125	-2.18486125	-2.18486125	-2.18486125	-2.18486125	-2.18486125	-2.18486125	-2.18486125	-2.18486125	-2.18486125	-2.18486125	-2.18486125
zhejiang	0.54340851	0.54340851	0.54340851	0.54340851	0.54340851	0.54340851	0.54340851	0.54340851	0.54340851	0.54340851	0.54340851	0.54340851	0.54340851	0.54340851	0.54340851	0.54340851	0.54340851	0.54340851	0.54340851	0.54340851	0.54340851	0.54340851	0.54340851	0.54340851	0.54340851	0.54340851	0.54340851	0.54340851
hunan	0.64009434	0.64009434	0.64009434	0.64009434	0.64009434	0.64009434	0.64009434	0.64009434	0.64009434	0.64009434	0.64009434	0.64009434	0.64009434	0.64009434	0.64009434	0.64009434	0.64009434	0.64009434	0.64009434	0.64009434	0.64009434	0.64009434	0.64009434	0.64009434	0.64009434	0.64009434	0.64009434	0.64009434
sichuan	0.69270689	0.69270689	0.69270689	0.69270689	0.69270689	0.69270689	0.69270689	0.69270689	0.69270689	0.69270689	0.69270689	0.69270689	0.69270689	0.69270689	0.69270689	0.69270689	0.69270689	0.69270689	0.69270689	0.69270689	0.69270689	0.69270689	0.69270689	0.69270689	0.69270689	0.69270689	0.69270689	0.69270689
shaanxi	0.85027762	0.85027762	0.85027762	0.85027762	0.85027762	0.85027762	0.85027762	0.85027762	0.85027762	0.85027762	0.85027762	0.85027762	0.85027762	0.85027762	0.85027762	0.85027762	0.85027762	0.85027762	0.85027762	0.85027762	0.85027762	0.85027762	0.85027762	0.85027762	0.85027762	0.85027762	0.85027762	0.85027762
heilongjiang	0.90587324	0.90587324	0.90587324	0.90587324	0.90587324	0.90587324	0.90587324	0.90587324	0.90587324	0.90587324	0.90587324	0.90587324	0.90587324	0.90587324	0.90587324	0.90587324	0.90587324	0.90587324	0.90587324	0.90587324	0.90587324	0.90587324	0.90587324	0.90587324	0.90587324	0.90587324	0.90587324	0.90587324
jiangxi	0.50967600	0.50967600	0.50967600	0.50967600	0.50967600	0.50967600	0.50967600	0.50967600	0.50967600	0.50967600	0.50967600	0.50967600	0.50967600	0.50967600	0.50967600	0.50967600	0.50967600	0.50967600	0.50967600	0.50967600	0.50967600	0.50967600	0.50967600	0.50967600	0.50967600	0.50967600	0.50967600	0.50967600
henan	-0.12953958	-0.12953958	-0.12953958	-0.12953958	-0.12953958	-0.12953958	-0.12953958	-0.12953958	-0.12953958	-0.12953958	-0.12953958	-0.12953958	-0.12953958	-0.12953958	-0.12953958	-0.12953958	-0.12953958	-0.12953958	-0.12953958	-0.12953958	-0.12953958	-0.12953958	-0.12953958	-0.12953958	-0.12953958	-0.12953958	-0.12953958	-0.12953958
shanxi	-1.41329714	-1.41329714	-1.41329714	-1.41329714	-1.41329714	-1.41329714	-1.41329714	-1.41329714	-1.41329714	-1.41329714	-1.41329714	-1.41329714	-1.41329714	-1.41329714	-1.41329714	-1.41329714	-1.41329714	-1.41329714	-1.41329714	-1.41329714	-1.41329714	-1.41329714	-1.41329714	-1.41329714	-1.41329714	-1.41329714	-1.41329714	-1.41329714
tibet	-0.91850037	-0.91850037	-0.91850037	-0.91850037	-0.91850037	-0.91850037	-0.91850037	-0.91850037	-0.91850037	-0.91850037	-0.91850037	-0.91850037	-0.91850037	-0.91850037	-0.91850037	-0.91850037	-0.91850037	-0.91850037	-0.91850037	-0.91850037	-0.91850037	-0.91850037	-0.91850037	-0.91850037	-0.91850037	-0.91850037	-0.91850037	-0.91850037
anhui	-0.57888110	-0.57888110	-0.57888110	-0.57888110	-0.57888110	-0.57888110	-0.57888110	-0.57888110	-0.57888110	-0.57888110	-0.57888110	-0.57888110	-0.57888110	-0.57888110	-0.57888110	-0.57888110	-0.57888110	-0.57888110	-0.57888110	-0.57888110	-0.57888110	-0.57888110	-0.57888110	-0.57888110	-0.57888110	-0.57888110	-0.57888110	-0.57888110
guizhou	1.03710903	1.03710903	1.03710903	1.03710903	1.03710903	1.03710903	1.03710903	1.03710903	1.03710903	1.03710903	1.03710903	1.03710903	1.03710903	1.03710903	1.03710903	1.03710903	1.03710903	1.03710903	1.03710903	1.03710903	1.03710903	1.03710903	1.03710903	1.03710903	1.03710903	1.03710903	1.03710903	1.03710903
shanghai	-1.94219145	-1.94219145	-1.94219145	-1.94219145	-1.94219145	-1.94219145	-1.94219145	-1.94219145	-1.94219145	-1.94219145	-1.94219145	-1.94219145	-1.94219145	-1.94219145	-1.94219145	-1.94219145	-1.94219145	-1.94219145	-1.94219145	-1.94219145	-1.94219145	-1.94219145	-1.94219145	-1.94219145	-1.94219145	-1.94219145	-1.94219145	-1.94219145
ningxia	-2.29272117	-2.29272117	-2.29272117	-2.29272117	-2.29272117	-2.29272117	-2.29272117	-2.29272117	-2.29272117	-2.29272117	-2.29272117	-2.29272117	-2.29272117	-2.29272117	-2.29272117	-2.29272117	-2.29272117	-2.29272117	-2.29272117	-2.29272117	-2.29272117	-2.29272117	-2.29272117	-2.29272117	-2.29272117	-2.29272117	-2.29272117	-2.29272117
california	0.67615757	0.67615757	0.67615757	0.67615757	0.67615757	0.67615757	0.67615757	0.67615757	0.67615757	0.67615757	0.67615757	0.67615757	0.67615757	0.67615757	0.67615757	0.67615757	0.67615757	0.67615757	0.67615757	0.67615757	0.67615757	0.67615757	0.67615757	0.67615757	0.67615757	0.67615757	0.67615757	0.67615757
missouri	0.79815957	0.79815957	0.79815957	0.79815957	0.79815957	0.79815957	0.79815957	0.79815957	0.79815957	0.79815957	0.79815957	0.79815957	0.79815957	0.79815957	0.79815957	0.79815957	0.79815957	0.79815957	0.79815957	0.79815957	0.79815957	0.79815957	0.79815957	0.79815957	0.79815957	0.79815957	0.79815957	0.79815957
cambodia	0.83914870	0.83914870	0.83914870	0.83914870	0.83914870	0.83914870	0.83914870	0.83914870	0.83914870	0.83914870	0.83914870	0.83914870	0.83914870	0.83914870	0.83914870	0.83914870	0.83914870	0.83914870	0.83914870	0.83914870	0.83914870	0.83914870	0.83914870	0.83914870	0.83914870	0.83914870	0.83914870	0.83914870
sweden	0.83224963	0.83224963	0.83224963	0.83224963	0.83224963	0.83224963	0.83224963	0.83224963	0.83224963	0.83224963	0.83224963	0.83224963	0.83224963	0.83224963	0.83224963	0.83224963	0.83224963	0.83224963	0.83224963	0.83224963	0.83224963	0.83224963	0.83224963	0.83224963	0.83224963	0.83224963	0.83224963	0.83224963
australia	0.01663654	0.01663654	0.01663654	0.01663654	0.01663654	0.01663654	0.01663654	0.01663654	0.01663654	0.01663654	0.01663654	0.01663654	0.01663654	0.01663654	0.01663654	0.01663654	0.01663654	0.01663654	0.01663654	0.01663654	0.01663654	0.01663654	0.01663654	0.01663654	0.01663654	0.01663654	0.01663654	0.01663654
tunisia	-1.47237212	-1.47237212	-1.47237212	-1.47237212	-1.47237212	-1.47237212	-1.47237212	-1.47237212	-1.47237212	-1.47237212	-1.47237212	-1.47237212	-1.47237212	-1.47237212	-1.47237212	-1.47237212	-1.47237212	-1.47237212	-1.47237212	-1.47237212	-1.47237212	-1.47237212	-1.47237212	-1.47237212	-1.47237212	-1.47237212	-1.47237212	-1.47237212
greece	0.54689793	0.54689793	0.54689793	0.54689793	0.54689793	0.54689793	0.54689793	0.54689793	0.54689793	0.54689793	0.54689793	0.54689793	0.54689793	0.54689793	0.54689793	0.54689793	0.54689793	0.54689793	0.54689793	0.54689793	0.54689793	0.54689793	0.54689793	0.54689793	0.54689793	0.54689793	0.54689793	0.54689793
belgium	-0.00168414	-0.00168414	-0.00168414	-0.00168414	-0.00168414	-0.00168414	-0.00168414	-0.00168414	-0.00168414	-0.00168414	-0.00168414	-0.00168414	-0.00168414	-0.00168414	-0.00168414	-0.00168414	-0.00168414	-0.00168414	-0.00168414	-0.00168414	-0.00168414	-0.00168414	-0.00168414	-0.00168414	-0.00168414	-0.00168414	-0.00168414	-0.00168414
burkina_faso	-0.18641679	-0.18641679	-0.18641679	-0.18641679	-0.18641679	-0.18641679	-0.18641679	-0.18641679	-0.18641679	-0.18641679	-0.18641679	-0.18641679	-0.18641679	-0.18641679	-0.18641679	-0.18641679	-0.18641679	-0.18641679	-0.18641679	-0.18641679	-0.18641679	-0.18641679	-0.18641679	-0.18641679	-0.18641679	-0.18641679	-0.18641679	-0.18641679
united_kingdom	0.40734585	0.40734585	0.40734585	0.40734585	0.40734585	0.40734585	0.40734585	0.40734585	0.40734585	0.40734585	0.40734585	0.40734585	0.40734585	0.40734585	0.40734585	0.40734585	0.40734585	0.40734585	0.40734585	0.40734585	0.40734585	0.40734585	0.40734585	0.40734585	0.40734585	0.40734585	0.40734585	0.40734585
