	hainan	hubei	yunnan	guangdong	jiangsu	zhejiang	hunan	sichuan	shaanxi	heilongjiang	jiangxi	henan	shanxi	tibet	anhui	guizhou	shanghai	ningxia	california	missouri	cambodia	sweden	australia	tunisia	greece	belgium	burkina_faso	united_kingdom
hainan	-1.05704521	-1.05704521	-1.05704521	-1.05704521	-1.05704521	-1.05704521	-1.05704521	-1.05704521	-1.05704521	-1.05704521	-1.05704521	-1.05704521	-1.05704521	-1.05704521	-1.05704521	-1.05704521	-1.05704521	-1.05704521	-1.05704521	-1.05704521	-1.05704521	-1.05704521	-1.05704521	-1.05704521	-1.05704521	-1.05704521	-1.05704521	-1.05704521
hubei	0.82758369	0.82758369	0.82758369	0.82758369	0.82758369	0.82758369	0.82758369	0.82758369	0.82758369	0.82758369	0.82758369	0.82758369	0.82758369	0.82758369	0.82758369	0.82758369	0.82758369	0.82758369	0.82758369	0.82758369	0.82758369	0.82758369	0.82758369	0.82758369	0.82758369	0.82758369	0.82758369	0.82758369
yunnan	0.60100889	0.60100889	0.60100889	0.60100889	0.60100889	0.60100889	0.60100889	0.60100889	0.60100889	0.60100889	0.60100889	0.60100889	0.60100889	0.60100889	0.60100889	0.60100889	0.60100889	0.60100889	0.60100889	0.60100889	0.60100889	0.60100889	0.60100889	0.60100889	0.60100889	0.60100889	0.60100889	0.60100889
guangdong	1.65525013	1.65525013	1.65525013	1.65525013	1.65525013	1.65525013	1.65525013	1.65525013	1.65525013	1.65525013	1.65525013	1.65525013	1.65525013	1.65525013	1.65525013	1.65525013	1.65525013	1.65525013	1.65525013	1.65525013	1.65525013	1.65525013	1.65525013	1.65525013	1.65525013	1.65525013	1.65525013	1.65525013
jiangsu	1.22930844	1.22930844	1.22930844	1.22930844	1.22930844	1.22930844	1.22930844	1.22930844	1.22930844	1.22930844	1.22930844	1.22930844	1.22930844	1.22930844	1.22930844	1.22930844	1.22930844	1.22930844	1.22930844	1.22930844	1.22930844	1.22930844	1.22930844	1.22930844	1.22930844	1.22930844	1.22930844	1.22930844
zhejiang	0.93777216	0.93777216	0.93777216	0.93777216	0.93777216	0.93777216	0.93777216	0.93777216	0.93777216	0.93777216	0.93777216	0.93777216	0.93777216	0.93777216	0.93777216	0.93777216	0.93777216	0.93777216	0.93777216	0.93777216	0.93777216	0.93777216	0.93777216	0.93777216	0.93777216	0.93777216	0.93777216	0.93777216
hunan	-0.92207709	-0.92207709	-0.92207709	-0.92207709	-0.92207709	-0.92207709	-0.92207709	-0.92207709	-0.92207709	-0.92207709	-0.92207709	-0.92207709	-0.92207709	-0.92207709	-0.92207709	-0.92207709	-0.92207709	-0.92207709	-0.92207709	-0.92207709	-0.92207709	-0.92207709	-0.92207709	-0.92207709	-0.92207709	-0.92207709	-0.92207709	-0.92207709
sichuan	1.21553626	1.21553626	1.21553626	1.21553626	1.21553626	1.21553626	1.21553626	1.21553626	1.21553626	1.21553626	1.21553626	1.21553626	1.21553626	1.21553626	1.21553626	1.21553626	1.21553626	1.21553626	1.21553626	1.21553626	1.21553626	1.21553626	1.21553626	1.21553626	1.21553626	1.21553626	1.21553626	1.21553626
shaanxi	0.33932893	0.33932893	0.33932893	0.33932893	0.33932893	0.33932893	0.33932893	0.33932893	0.33932893	0.33932893	0.33932893	0.33932893	0.33932893	0.33932893	0.33932893	0.33932893	0.33932893	0.33932893	0.33932893	0.33932893	0.33932893	0.33932893	0.33932893	0.33932893	0.33932893	0.33932893	0.33932893	0.33932893
heilongjiang	0.17838231	0.17838231	0.17838231	0.17838231	0.17838231	0.17838231	0.17838231	0.17838231	0.17838231	0.17838231	0.17838231	0.17838231	0.17838231	0.17838231	0.17838231	0.17838231	0.17838231	0.17838231	0.17838231	0.17838231	0.17838231	0.17838231	0.17838231	0.17838231	0.17838231	0.17838231	0.17838231	0.17838231
jiangxi	0.55405028	0.55405028	0.55405028	0.55405028	0.55405028	0.55405028	0.55405028	0.55405028	0.55405028	0.55405028	0.55405028	0.55405028	0.55405028	0.55405028	0.55405028	0.55405028	0.55405028	0.55405028	0.55405028	0.55405028	0.55405028	0.55405028	0.55405028	0.55405028	0.55405028	0.55405028	0.55405028	0.55405028
henan	1.39315579	1.39315579	1.39315579	1.39315579	1.39315579	1.39315579	1.39315579	1.39315579	1.39315579	1.39315579	1.39315579	1.39315579	1.39315579	1.39315579	1.39315579	1.39315579	1.39315579	1.39315579	1.39315579	1.39315579	1.39315579	1.39315579	1.39315579	1.39315579	1.39315579	1.39315579	1.39315579	1.39315579
shanxi	0.30990701	0.30990701	0.30990701	0.30990701	0.30990701	0.30990701	0.30990701	0.30990701	0.30990701	0.30990701	0.30990701	0.30990701	0.30990701	0.30990701	0.30990701	0.30990701	0.30990701	0.30990701	0.30990701	0.30990701	0.30990701	0.30990701	0.30990701	0.30990701	0.30990701	0.30990701	0.30990701	0.30990701
tibet	-2.14787254	-2.14787254	-2.14787254	-2.14787254	-2.14787254	-2.14787254	-2.14787254	-2.14787254	-2.14787254	-2.14787254	-2.14787254	-2.14787254	-2.14787254	-2.14787254	-2.14787254	-2.14787254	-2.14787254	-2.14787254	-2.14787254	-2.14787254	-2.14787254	-2.14787254	-2.14787254	-2.14787254	-2.14787254	-2.14787254	-2.14787254	-2.14787254
anhui	0.87672598	0.87672598	0.87672598	0.87672598	0.87672598	0.87672598	0.87672598	0.87672598	0.87672598	0.87672598	0.87672598	0.87672598	0.87672598	0.87672598	0.87672598	0.87672598	0.87672598	0.87672598	0.87672598	0.87672598	0.87672598	0.87672598	0.87672598	0.87672598	0.87672598	0.87672598	0.87672598	0.87672598
guizhou	0.38478895	0.38478895	0.38478895	0.38478895	0.38478895	0.38478895	0.38478895	0.38478895	0.38478895	0.38478895	0.38478895	0.38478895	0.38478895	0.38478895	0.38478895	0.38478895	0.38478895	0.38478895	0.38478895	0.38478895	0.38478895	0.38478895	0.38478895	0.38478895	0.38478895	0.38478895	0.38478895	0.38478895
shanghai	-0.08725720	-0.08725720	-0.08725720	-0.08725720	-0.08725720	-0.08725720	-0.08725720	-0.08725720	-0.08725720	-0.08725720	-0.08725720	-0.08725720	-0.08725720	-0.08725720	-0.08725720	-0.08725720	-0.08725720	-0.08725720	-0.08725720	-0.08725720	-0.08725720	-0.08725720	-0.08725720	-0.08725720	-0.08725720	-0.08725720	-0.08725720	-0.08725720
ningxia	-1.68822978	-1.68822978	-1.68822978	-1.68822978	-1.68822978	-1.68822978	-1.68822978	-1.68822978	-1.68822978	-1.68822978	-1.68822978	-1.68822978	-1.68822978	-1.68822978	-1.68822978	-1.68822978	-1.68822978	-1.68822978	-1.68822978	-1.68822978	-1.68822978	-1.68822978	-1.68822978	-1.68822978	-1.68822978	-1.68822978	-1.68822978	-1.68822978
california	0.40763439	0.40763439	0.40763439	0.40763439	0.40763439	0.40763439	0.40763439	0.40763439	0.40763439	0.40763439	0.40763439	0.40763439	0.40763439	0.40763439	0.40763439	0.40763439	0.40763439	0.40763439	0.40763439	0.40763439	0.40763439	0.40763439	0.40763439	0.40763439	0.40763439	0.40763439	0.40763439	0.40763439
missouri	-1.57030698	-1.57030698	-1.57030698	-1.57030698	-1.57030698	-1.57030698	-1.57030698	-1.57030698	-1.57030698	-1.57030698	-1.57030698	-1.57030698	-1.57030698	-1.57030698	-1.57030698	-1.57030698	-1.57030698	-1.57030698	-1.57030698	-1.57030698	-1.57030698	-1.57030698	-1.57030698	-1.57030698	-1.57030698	-1.57030698	-1.57030698	-1.57030698
cambodia	-0.45611146	-0.45611146	-0.45611146	-0.45611146	-0.45611146	-0.45611146	-0.45611146	-0.45611146	-0.45611146	-0.45611146	-0.45611146	-0.45611146	-0.45611146	-0.45611146	-0.45611146	-0.45611146	-0.45611146	-0.45611146	-0.45611146	-0.45611146	-0.45611146	-0.45611146	-0.45611146	-0.45611146	-0.45611146	-0.45611146	-0.45611146	-0.45611146
sweden	-1.00404416	-1.00404416	-1.00404416	-1.00404416	-1.00404416	-1.00404416	-1.00404416	-1.00404416	-1.00404416	-1.00404416	-1.00404416	-1.00404416	-1.00404416	-1.00404416	-1.00404416	-1.00404416	-1.00404416	-1.00404416	-1.00404416	-1.00404416	-1.00404416	-1.00404416	-1.00404416	-1.00404416	-1.00404416	-1.00404416	-1.00404416	-1.00404416
australia	-0.00820207	-0.00820207	-0.00820207	-0.00820207	-0.00820207	-0.00820207	-0.00820207	-0.00820207	-0.00820207	-0.00820207	-0.00820207	-0.00820207	-0.00820207	-0.00820207	-0.00820207	-0.00820207	-0.00820207	-0.00820207	-0.00820207	-0.00820207	-0.00820207	-0.00820207	-0.00820207	-0.00820207	-0.00820207	-0.00820207	-0.00820207	-0.00820207
tunisia	-0.86535383	-0.86535383	-0.86535383	-0.86535383	-0.86535383	-0.86535383	-0.86535383	-0.86535383	-0.86535383	-0.86535383	-0.86535383	-0.86535383	-0.86535383	-0.86535383	-0.86535383	-0.86535383	-0.86535383	-0.86535383	-0.86535383	-0.86535383	-0.86535383	-0.86535383	-0.86535383	-0.86535383	-0.86535383	-0.86535383	-0.86535383	-0.86535383
greece	-1.01730782	-1.01730782	-1.01730782	-1.01730782	-1.01730782	-1.01730782	-1.01730782	-1.01730782	-1.01730782	-1.01730782	-1.01730782	-1.01730782	-1.01730782	-1.01730782	-1.01730782	-1.01730782	-1.01730782	-1.01730782	-1.01730782	-1.01730782	-1.01730782	-1.01730782	-1.01730782	-1.01730782	-1.01730782	-1.01730782	-1.01730782	-1.01730782
belgium	-0.91552075	-0.91552075	-0.91552075	-0.91552075	-0.91552075	-0.91552075	-0.91552075	-0.91552075	-0.91552075	-0.91552075	-0.91552075	-0.91552075	-0.91552075	-0.91552075	-0.91552075	-0.91552075	-0.91552075	-0.91552075	-0.91552075	-0.91552075	-0.91552075	-0.91552075	-0.91552075	-0.91552075	-0.91552075	-0.91552075	-0.91552075	-0.91552075
burkina_faso	-0.17119661	-0.17119661	-0.17119661	-0.17119661	-0.17119661	-0.17119661	-0.17119661	-0.17119661	-0.17119661	-0.17119661	-0.17119661	-0.17119661	-0.17119661	-0.17119661	-0.17119661	-0.17119661	-0.17119661	-0.17119661	-0.17119661	-0.17119661	-0.17119661	-0.17119661	-0.17119661	-0.17119661	-0.17119661	-0.17119661	-0.17119661	-0.17119661
united_kingdom	1.00009228	1.00009228	1.00009228	1.00009228	1.00009228	1.00009228	1.00009228	1.00009228	1.00009228	1.00009228	1.00009228	1.00009228	1.00009228	1.00009228	1.00009228	1.00009228	1.00009228	1.00009228	1.00009228	1.00009228	1.00009228	1.00009228	1.00009228	1.00009228	1.00009228	1.00009228	1.00009228	1.00009228
