	hainan	hubei	yunnan	guangdong	jiangsu	zhejiang	hunan	sichuan	shaanxi	heilongjiang	jiangxi	henan	shanxi	tibet	anhui	guizhou	shanghai	ningxia	california	missouri	cambodia	sweden	australia	tunisia	greece	belgium	burkina_faso	united_kingdom
hainan	-1.41676364	-1.41676364	-1.41676364	-1.41676364	-1.41676364	-1.41676364	-1.41676364	-1.41676364	-1.41676364	-1.41676364	-1.41676364	-1.41676364	-1.41676364	-1.41676364	-1.41676364	-1.41676364	-1.41676364	-1.41676364	-1.41676364	-1.41676364	-1.41676364	-1.41676364	-1.41676364	-1.41676364	-1.41676364	-1.41676364	-1.41676364	-1.41676364
hubei	-0.01247031	-0.01247031	-0.01247031	-0.01247031	-0.01247031	-0.01247031	-0.01247031	-0.01247031	-0.01247031	-0.01247031	-0.01247031	-0.01247031	-0.01247031	-0.01247031	-0.01247031	-0.01247031	-0.01247031	-0.01247031	-0.01247031	-0.01247031	-0.01247031	-0.01247031	-0.01247031	-0.01247031	-0.01247031	-0.01247031	-0.01247031	-0.01247031
yunnan	0.60757507	0.60757507	0.60757507	0.60757507	0.60757507	0.60757507	0.60757507	0.60757507	0.60757507	0.60757507	0.60757507	0.60757507	0.60757507	0.60757507	0.60757507	0.60757507	0.60757507	0.60757507	0.60757507	0.60757507	0.60757507	0.60757507	0.60757507	0.60757507	0.60757507	0.60757507	0.60757507	0.60757507
guangdong	-0.04001111	-0.04001111	-0.04001111	-0.04001111	-0.04001111	-0.04001111	-0.04001111	-0.04001111	-0.04001111	-0.04001111	-0.04001111	-0.04001111	-0.04001111	-0.04001111	-0.04001111	-0.04001111	-0.04001111	-0.04001111	-0.04001111	-0.04001111	-0.04001111	-0.04001111	-0.04001111	-0.04001111	-0.04001111	-0.04001111	-0.04001111	-0.04001111
jiangsu	-0.50310585	-0.50310585	-0.50310585	-0.50310585	-0.50310585	-0.50310585	-0.50310585	-0.50310585	-0.50310585	-0.50310585	-0.50310585	-0.50310585	-0.50310585	-0.50310585	-0.50310585	-0.50310585	-0.50310585	-0.50310585	-0.50310585	-0.50310585	-0.50310585	-0.50310585	-0.50310585	-0.50310585	-0.50310585	-0.50310585	-0.50310585	-0.50310585
zhejiang	-0.50956749	-0.50956749	-0.50956749	-0.50956749	-0.50956749	-0.50956749	-0.50956749	-0.50956749	-0.50956749	-0.50956749	-0.50956749	-0.50956749	-0.50956749	-0.50956749	-0.50956749	-0.50956749	-0.50956749	-0.50956749	-0.50956749	-0.50956749	-0.50956749	-0.50956749	-0.50956749	-0.50956749	-0.50956749	-0.50956749	-0.50956749	-0.50956749
hunan	0.09519869	0.09519869	0.09519869	0.09519869	0.09519869	0.09519869	0.09519869	0.09519869	0.09519869	0.09519869	0.09519869	0.09519869	0.09519869	0.09519869	0.09519869	0.09519869	0.09519869	0.09519869	0.09519869	0.09519869	0.09519869	0.09519869	0.09519869	0.09519869	0.09519869	0.09519869	0.09519869	0.09519869
sichuan	0.77910611	0.77910611	0.77910611	0.77910611	0.77910611	0.77910611	0.77910611	0.77910611	0.77910611	0.77910611	0.77910611	0.77910611	0.77910611	0.77910611	0.77910611	0.77910611	0.77910611	0.77910611	0.77910611	0.77910611	0.77910611	0.77910611	0.77910611	0.77910611	0.77910611	0.77910611	0.77910611	0.77910611
shaanxi	0.06826157	0.06826157	0.06826157	0.06826157	0.06826157	0.06826157	0.06826157	0.06826157	0.06826157	0.06826157	0.06826157	0.06826157	0.06826157	0.06826157	0.06826157	0.06826157	0.06826157	0.06826157	0.06826157	0.06826157	0.06826157	0.06826157	0.06826157	0.06826157	0.06826157	0.06826157	0.06826157	0.06826157
heilongjiang	0.74185530	0.74185530	0.74185530	0.74185530	0.74185530	0.74185530	0.74185530	0.74185530	0.74185530	0.74185530	0.74185530	0.74185530	0.74185530	0.74185530	0.74185530	0.74185530	0.74185530	0.74185530	0.74185530	0.74185530	0.74185530	0.74185530	0.74185530	0.74185530	0.74185530	0.74185530	0.74185530	0.74185530
jiangxi	-0.10146761	-0.10146761	-0.10146761	-0.10146761	-0.10146761	-0.10146761	-0.10146761	-0.10146761	-0.10146761	-0.10146761	-0.10146761	-0.10146761	-0.10146761	-0.10146761	-0.10146761	-0.10146761	-0.10146761	-0.10146761	-0.10146761	-0.10146761	-0.10146761	-0.10146761	-0.10146761	-0.10146761	-0.10146761	-0.10146761	-0.10146761	-0.10146761
henan	-0.10097317	-0.10097317	-0.10097317	-0.10097317	-0.10097317	-0.10097317	-0.10097317	-0.10097317	-0.10097317	-0.10097317	-0.10097317	-0.10097317	-0.10097317	-0.10097317	-0.10097317	-0.10097317	-0.10097317	-0.10097317	-0.10097317	-0.10097317	-0.10097317	-0.10097317	-0.10097317	-0.10097317	-0.10097317	-0.10097317	-0.10097317	-0.10097317
shanxi	-0.15721890	-0.15721890	-0.15721890	-0.15721890	-0.15721890	-0.15721890	-0.15721890	-0.15721890	-0.15721890	-0.15721890	-0.15721890	-0.15721890	-0.15721890	-0.15721890	-0.15721890	-0.15721890	-0.15721890	-0.15721890	-0.15721890	-0.15721890	-0.15721890	-0.15721890	-0.15721890	-0.15721890	-0.15721890	-0.15721890	-0.15721890	-0.15721890
tibet	1.54623120	1.54623120	1.54623120	1.54623120	1.54623120	1.54623120	1.54623120	1.54623120	1.54623120	1.54623120	1.54623120	1.54623120	1.54623120	1.54623120	1.54623120	1.54623120	1.54623120	1.54623120	1.54623120	1.54623120	1.54623120	1.54623120	1.54623120	1.54623120	1.54623120	1.54623120	1.54623120	1.54623120
anhui	-0.25246337	-0.25246337	-0.25246337	-0.25246337	-0.25246337	-0.25246337	-0.25246337	-0.25246337	-0.25246337	-0.25246337	-0.25246337	-0.25246337	-0.25246337	-0.25246337	-0.25246337	-0.25246337	-0.25246337	-0.25246337	-0.25246337	-0.25246337	-0.25246337	-0.25246337	-0.25246337	-0.25246337	-0.25246337	-0.25246337	-0.25246337	-0.25246337
guizhou	-0.05764409	-0.05764409	-0.05764409	-0.05764409	-0.05764409	-0.05764409	-0.05764409	-0.05764409	-0.05764409	-0.05764409	-0.05764409	-0.05764409	-0.05764409	-0.05764409	-0.05764409	-0.05764409	-0.05764409	-0.05764409	-0.05764409	-0.05764409	-0.05764409	-0.05764409	-0.05764409	-0.05764409	-0.05764409	-0.05764409	-0.05764409	-0.05764409
shanghai	-2.80640579	-2.80640579	-2.80640579	-2.80640579	-2.80640579	-2.80640579	-2.80640579	-2.80640579	-2.80640579	-2.80640579	-2.80640579	-2.80640579	-2.80640579	-2.80640579	-2.80640579	-2.80640579	-2.80640579	-2.80640579	-2.80640579	-2.80640579	-2.80640579	-2.80640579	-2.80640579	-2.80640579	-2.80640579	-2.80640579	-2.80640579	-2.80640579
ningxia	-0.86230169	-0.86230169	-0.86230169	-0.86230169	-0.86230169	-0.86230169	-0.86230169	-0.86230169	-0.86230169	-0.86230169	-0.86230169	-0.86230169	-0.86230169	-0.86230169	-0.86230169	-0.86230169	-0.86230169	-0.86230169	-0.86230169	-0.86230169	-0.86230169	-0.86230169	-0.86230169	-0.86230169	-0.86230169	-0.86230169	-0.86230169	-0.86230169
california	0.66808592	0.66808592	0.66808592	0.66808592	0.66808592	0.66808592	0.66808592	0.66808592	0.66808592	0.66808592	0.66808592	0.66808592	0.66808592	0.66808592	0.66808592	0.66808592	0.66808592	0.66808592	0.66808592	0.66808592	0.66808592	0.66808592	0.66808592	0.66808592	0.66808592	0.66808592	0.66808592	0.66808592
missouri	-0.03209293	-0.03209293	-0.03209293	-0.03209293	-0.03209293	-0.03209293	-0.03209293	-0.03209293	-0.03209293	-0.03209293	-0.03209293	-0.03209293	-0.03209293	-0.03209293	-0.03209293	-0.03209293	-0.03209293	-0.03209293	-0.03209293	-0.03209293	-0.03209293	-0.03209293	-0.03209293	-0.03209293	-0.03209293	-0.03209293	-0.03209293	-0.03209293
cambodia	-0.03436055	-0.03436055	-0.03436055	-0.03436055	-0.03436055	-0.03436055	-0.03436055	-0.03436055	-0.03436055	-0.03436055	-0.03436055	-0.03436055	-0.03436055	-0.03436055	-0.03436055	-0.03436055	-0.03436055	-0.03436055	-0.03436055	-0.03436055	-0.03436055	-0.03436055	-0.03436055	-0.03436055	-0.03436055	-0.03436055	-0.03436055	-0.03436055
sweden	0.71781828	0.71781828	0.71781828	0.71781828	0.71781828	0.71781828	0.71781828	0.71781828	0.71781828	0.71781828	0.71781828	0.71781828	0.71781828	0.71781828	0.71781828	0.71781828	0.71781828	0.71781828	0.71781828	0.71781828	0.71781828	0.71781828	0.71781828	0.71781828	0.71781828	0.71781828	0.71781828	0.71781828
australia	3.06013164	3.06013164	3.06013164	3.06013164	3.06013164	3.06013164	3.06013164	3.06013164	3.06013164	3.06013164	3.06013164	3.06013164	3.06013164	3.06013164	3.06013164	3.06013164	3.06013164	3.06013164	3.06013164	3.06013164	3.06013164	3.06013164	3.06013164	3.06013164	3.06013164	3.06013164	3.06013164	3.06013164
tunisia	-0.11790213	-0.11790213	-0.11790213	-0.11790213	-0.11790213	-0.11790213	-0.11790213	-0.11790213	-0.11790213	-0.11790213	-0.11790213	-0.11790213	-0.11790213	-0.11790213	-0.11790213	-0.11790213	-0.11790213	-0.11790213	-0.11790213	-0.11790213	-0.11790213	-0.11790213	-0.11790213	-0.11790213	-0.11790213	-0.11790213	-0.11790213	-0.11790213
greece	-0.29538602	-0.29538602	-0.29538602	-0.29538602	-0.29538602	-0.29538602	-0.29538602	-0.29538602	-0.29538602	-0.29538602	-0.29538602	-0.29538602	-0.29538602	-0.29538602	-0.29538602	-0.29538602	-0.29538602	-0.29538602	-0.29538602	-0.29538602	-0.29538602	-0.29538602	-0.29538602	-0.29538602	-0.29538602	-0.29538602	-0.29538602	-0.29538602
belgium	-1.49939365	-1.49939365	-1.49939365	-1.49939365	-1.49939365	-1.49939365	-1.49939365	-1.49939365	-1.49939365	-1.49939365	-1.49939365	-1.49939365	-1.49939365	-1.49939365	-1.49939365	-1.49939365	-1.49939365	-1.49939365	-1.49939365	-1.49939365	-1.49939365	-1.49939365	-1.49939365	-1.49939365	-1.49939365	-1.49939365	-1.49939365	-1.49939365
burkina_faso	0.30834777	0.30834777	0.30834777	0.30834777	0.30834777	0.30834777	0.30834777	0.30834777	0.30834777	0.30834777	0.30834777	0.30834777	0.30834777	0.30834777	0.30834777	0.30834777	0.30834777	0.30834777	0.30834777	0.30834777	0.30834777	0.30834777	0.30834777	0.30834777	0.30834777	0.30834777	0.30834777	0.30834777
united_kingdom	0.20691673	0.20691673	0.20691673	0.20691673	0.20691673	0.20691673	0.20691673	0.20691673	0.20691673	0.20691673	0.20691673	0.20691673	0.20691673	0.20691673	0.20691673	0.20691673	0.20691673	0.20691673	0.20691673	0.20691673	0.20691673	0.20691673	0.20691673	0.20691673	0.20691673	0.20691673	0.20691673	0.20691673
