	hainan	hubei	yunnan	guangdong	jiangsu	zhejiang	hunan	sichuan	shaanxi	heilongjiang	jiangxi	henan	shanxi	tibet	anhui	guizhou	shanghai	ningxia	california	missouri	cambodia	sweden	australia	tunisia	greece	belgium	burkina_faso	united_kingdom
hainan	0.56163570	0.56163570	0.56163570	0.56163570	0.56163570	0.56163570	0.56163570	0.56163570	0.56163570	0.56163570	0.56163570	0.56163570	0.56163570	0.56163570	0.56163570	0.56163570	0.56163570	0.56163570	0.56163570	0.56163570	0.56163570	0.56163570	0.56163570	0.56163570	0.56163570	0.56163570	0.56163570	0.56163570
hubei	0.16920732	0.16920732	0.16920732	0.16920732	0.16920732	0.16920732	0.16920732	0.16920732	0.16920732	0.16920732	0.16920732	0.16920732	0.16920732	0.16920732	0.16920732	0.16920732	0.16920732	0.16920732	0.16920732	0.16920732	0.16920732	0.16920732	0.16920732	0.16920732	0.16920732	0.16920732	0.16920732	0.16920732
yunnan	0.90855285	0.90855285	0.90855285	0.90855285	0.90855285	0.90855285	0.90855285	0.90855285	0.90855285	0.90855285	0.90855285	0.90855285	0.90855285	0.90855285	0.90855285	0.90855285	0.90855285	0.90855285	0.90855285	0.90855285	0.90855285	0.90855285	0.90855285	0.90855285	0.90855285	0.90855285	0.90855285	0.90855285
guangdong	1.09444387	1.09444387	1.09444387	1.09444387	1.09444387	1.09444387	1.09444387	1.09444387	1.09444387	1.09444387	1.09444387	1.09444387	1.09444387	1.09444387	1.09444387	1.09444387	1.09444387	1.09444387	1.09444387	1.09444387	1.09444387	1.09444387	1.09444387	1.09444387	1.09444387	1.09444387	1.09444387	1.09444387
jiangsu	0.41960059	0.41960059	0.41960059	0.41960059	0.41960059	0.41960059	0.41960059	0.41960059	0.41960059	0.41960059	0.41960059	0.41960059	0.41960059	0.41960059	0.41960059	0.41960059	0.41960059	0.41960059	0.41960059	0.41960059	0.41960059	0.41960059	0.41960059	0.41960059	0.41960059	0.41960059	0.41960059	0.41960059
zhejiang	0.68869044	0.68869044	0.68869044	0.68869044	0.68869044	0.68869044	0.68869044	0.68869044	0.68869044	0.68869044	0.68869044	0.68869044	0.68869044	0.68869044	0.68869044	0.68869044	0.68869044	0.68869044	0.68869044	0.68869044	0.68869044	0.68869044	0.68869044	0.68869044	0.68869044	0.68869044	0.68869044	0.68869044
hunan	0.85723001	0.85723001	0.85723001	0.85723001	0.85723001	0.85723001	0.85723001	0.85723001	0.85723001	0.85723001	0.85723001	0.85723001	0.85723001	0.85723001	0.85723001	0.85723001	0.85723001	0.85723001	0.85723001	0.85723001	0.85723001	0.85723001	0.85723001	0.85723001	0.85723001	0.85723001	0.85723001	0.85723001
sichuan	0.80362542	0.80362542	0.80362542	0.80362542	0.80362542	0.80362542	0.80362542	0.80362542	0.80362542	0.80362542	0.80362542	0.80362542	0.80362542	0.80362542	0.80362542	0.80362542	0.80362542	0.80362542	0.80362542	0.80362542	0.80362542	0.80362542	0.80362542	0.80362542	0.80362542	0.80362542	0.80362542	0.80362542
shaanxi	-0.57729493	-0.57729493	-0.57729493	-0.57729493	-0.57729493	-0.57729493	-0.57729493	-0.57729493	-0.57729493	-0.57729493	-0.57729493	-0.57729493	-0.57729493	-0.57729493	-0.57729493	-0.57729493	-0.57729493	-0.57729493	-0.57729493	-0.57729493	-0.57729493	-0.57729493	-0.57729493	-0.57729493	-0.57729493	-0.57729493	-0.57729493	-0.57729493
heilongjiang	0.25857447	0.25857447	0.25857447	0.25857447	0.25857447	0.25857447	0.25857447	0.25857447	0.25857447	0.25857447	0.25857447	0.25857447	0.25857447	0.25857447	0.25857447	0.25857447	0.25857447	0.25857447	0.25857447	0.25857447	0.25857447	0.25857447	0.25857447	0.25857447	0.25857447	0.25857447	0.25857447	0.25857447
jiangxi	0.95778028	0.95778028	0.95778028	0.95778028	0.95778028	0.95778028	0.95778028	0.95778028	0.95778028	0.95778028	0.95778028	0.95778028	0.95778028	0.95778028	0.95778028	0.95778028	0.95778028	0.95778028	0.95778028	0.95778028	0.95778028	0.95778028	0.95778028	0.95778028	0.95778028	0.95778028	0.95778028	0.95778028
henan	0.07268345	0.07268345	0.07268345	0.07268345	0.07268345	0.07268345	0.07268345	0.07268345	0.07268345	0.07268345	0.07268345	0.07268345	0.07268345	0.07268345	0.07268345	0.07268345	0.07268345	0.07268345	0.07268345	0.07268345	0.07268345	0.07268345	0.07268345	0.07268345	0.07268345	0.07268345	0.07268345	0.07268345
shanxi	-0.41626880	-0.41626880	-0.41626880	-0.41626880	-0.41626880	-0.41626880	-0.41626880	-0.41626880	-0.41626880	-0.41626880	-0.41626880	-0.41626880	-0.41626880	-0.41626880	-0.41626880	-0.41626880	-0.41626880	-0.41626880	-0.41626880	-0.41626880	-0.41626880	-0.41626880	-0.41626880	-0.41626880	-0.41626880	-0.41626880	-0.41626880	-0.41626880
tibet	-0.03224397	-0.03224397	-0.03224397	-0.03224397	-0.03224397	-0.03224397	-0.03224397	-0.03224397	-0.03224397	-0.03224397	-0.03224397	-0.03224397	-0.03224397	-0.03224397	-0.03224397	-0.03224397	-0.03224397	-0.03224397	-0.03224397	-0.03224397	-0.03224397	-0.03224397	-0.03224397	-0.03224397	-0.03224397	-0.03224397	-0.03224397	-0.03224397
anhui	0.74752672	0.74752672	0.74752672	0.74752672	0.74752672	0.74752672	0.74752672	0.74752672	0.74752672	0.74752672	0.74752672	0.74752672	0.74752672	0.74752672	0.74752672	0.74752672	0.74752672	0.74752672	0.74752672	0.74752672	0.74752672	0.74752672	0.74752672	0.74752672	0.74752672	0.74752672	0.74752672	0.74752672
guizhou	1.00507672	1.00507672	1.00507672	1.00507672	1.00507672	1.00507672	1.00507672	1.00507672	1.00507672	1.00507672	1.00507672	1.00507672	1.00507672	1.00507672	1.00507672	1.00507672	1.00507672	1.00507672	1.00507672	1.00507672	1.00507672	1.00507672	1.00507672	1.00507672	1.00507672	1.00507672	1.00507672	1.00507672
shanghai	0.34177329	0.34177329	0.34177329	0.34177329	0.34177329	0.34177329	0.34177329	0.34177329	0.34177329	0.34177329	0.34177329	0.34177329	0.34177329	0.34177329	0.34177329	0.34177329	0.34177329	0.34177329	0.34177329	0.34177329	0.34177329	0.34177329	0.34177329	0.34177329	0.34177329	0.34177329	0.34177329	0.34177329
ningxia	0.62683562	0.62683562	0.62683562	0.62683562	0.62683562	0.62683562	0.62683562	0.62683562	0.62683562	0.62683562	0.62683562	0.62683562	0.62683562	0.62683562	0.62683562	0.62683562	0.62683562	0.62683562	0.62683562	0.62683562	0.62683562	0.62683562	0.62683562	0.62683562	0.62683562	0.62683562	0.62683562	0.62683562
california	-0.14717896	-0.14717896	-0.14717896	-0.14717896	-0.14717896	-0.14717896	-0.14717896	-0.14717896	-0.14717896	-0.14717896	-0.14717896	-0.14717896	-0.14717896	-0.14717896	-0.14717896	-0.14717896	-0.14717896	-0.14717896	-0.14717896	-0.14717896	-0.14717896	-0.14717896	-0.14717896	-0.14717896	-0.14717896	-0.14717896	-0.14717896	-0.14717896
missouri	-0.27423370	-0.27423370	-0.27423370	-0.27423370	-0.27423370	-0.27423370	-0.27423370	-0.27423370	-0.27423370	-0.27423370	-0.27423370	-0.27423370	-0.27423370	-0.27423370	-0.27423370	-0.27423370	-0.27423370	-0.27423370	-0.27423370	-0.27423370	-0.27423370	-0.27423370	-0.27423370	-0.27423370	-0.27423370	-0.27423370	-0.27423370	-0.27423370
cambodia	1.05058796	1.05058796	1.05058796	1.05058796	1.05058796	1.05058796	1.05058796	1.05058796	1.05058796	1.05058796	1.05058796	1.05058796	1.05058796	1.05058796	1.05058796	1.05058796	1.05058796	1.05058796	1.05058796	1.05058796	1.05058796	1.05058796	1.05058796	1.05058796	1.05058796	1.05058796	1.05058796	1.05058796
sweden	-0.76318595	-0.76318595	-0.76318595	-0.76318595	-0.76318595	-0.76318595	-0.76318595	-0.76318595	-0.76318595	-0.76318595	-0.76318595	-0.76318595	-0.76318595	-0.76318595	-0.76318595	-0.76318595	-0.76318595	-0.76318595	-0.76318595	-0.76318595	-0.76318595	-0.76318595	-0.76318595	-0.76318595	-0.76318595	-0.76318595	-0.76318595	-0.76318595
australia	-2.92387700	-2.92387700	-2.92387700	-2.92387700	-2.92387700	-2.92387700	-2.92387700	-2.92387700	-2.92387700	-2.92387700	-2.92387700	-2.92387700	-2.92387700	-2.92387700	-2.92387700	-2.92387700	-2.92387700	-2.92387700	-2.92387700	-2.92387700	-2.92387700	-2.92387700	-2.92387700	-2.92387700	-2.92387700	-2.92387700	-2.92387700	-2.92387700
tunisia	-2.08800760	-2.08800760	-2.08800760	-2.08800760	-2.08800760	-2.08800760	-2.08800760	-2.08800760	-2.08800760	-2.08800760	-2.08800760	-2.08800760	-2.08800760	-2.08800760	-2.08800760	-2.08800760	-2.08800760	-2.08800760	-2.08800760	-2.08800760	-2.08800760	-2.08800760	-2.08800760	-2.08800760	-2.08800760	-2.08800760	-2.08800760	-2.08800760
greece	-0.98304836	-0.98304836	-0.98304836	-0.98304836	-0.98304836	-0.98304836	-0.98304836	-0.98304836	-0.98304836	-0.98304836	-0.98304836	-0.98304836	-0.98304836	-0.98304836	-0.98304836	-0.98304836	-0.98304836	-0.98304836	-0.98304836	-0.98304836	-0.98304836	-0.98304836	-0.98304836	-0.98304836	-0.98304836	-0.98304836	-0.98304836	-0.98304836
belgium	-1.59905535	-1.59905535	-1.59905535	-1.59905535	-1.59905535	-1.59905535	-1.59905535	-1.59905535	-1.59905535	-1.59905535	-1.59905535	-1.59905535	-1.59905535	-1.59905535	-1.59905535	-1.59905535	-1.59905535	-1.59905535	-1.59905535	-1.59905535	-1.59905535	-1.59905535	-1.59905535	-1.59905535	-1.59905535	-1.59905535	-1.59905535	-1.59905535
burkina_faso	0.49270811	0.49270811	0.49270811	0.49270811	0.49270811	0.49270811	0.49270811	0.49270811	0.49270811	0.49270811	0.49270811	0.49270811	0.49270811	0.49270811	0.49270811	0.49270811	0.49270811	0.49270811	0.49270811	0.49270811	0.49270811	0.49270811	0.49270811	0.49270811	0.49270811	0.49270811	0.49270811	0.49270811
united_kingdom	-1.25213820	-1.25213820	-1.25213820	-1.25213820	-1.25213820	-1.25213820	-1.25213820	-1.25213820	-1.25213820	-1.25213820	-1.25213820	-1.25213820	-1.25213820	-1.25213820	-1.25213820	-1.25213820	-1.25213820	-1.25213820	-1.25213820	-1.25213820	-1.25213820	-1.25213820	-1.25213820	-1.25213820	-1.25213820	-1.25213820	-1.25213820	-1.25213820
