	hainan	hubei	yunnan	guangdong	jiangsu	zhejiang	hunan	sichuan	shaanxi	heilongjiang	jiangxi	henan	shanxi	tibet	anhui	guizhou	shanghai	ningxia	california	missouri	cambodia	sweden	australia	tunisia	greece	belgium	burkina_faso	united_kingdom
hainan	-0.35398225	-0.35398225	-0.35398225	-0.35398225	-0.35398225	-0.35398225	-0.35398225	-0.35398225	-0.35398225	-0.35398225	-0.35398225	-0.35398225	-0.35398225	-0.35398225	-0.35398225	-0.35398225	-0.35398225	-0.35398225	-0.35398225	-0.35398225	-0.35398225	-0.35398225	-0.35398225	-0.35398225	-0.35398225	-0.35398225	-0.35398225	-0.35398225
hubei	-0.32682606	-0.32682606	-0.32682606	-0.32682606	-0.32682606	-0.32682606	-0.32682606	-0.32682606	-0.32682606	-0.32682606	-0.32682606	-0.32682606	-0.32682606	-0.32682606	-0.32682606	-0.32682606	-0.32682606	-0.32682606	-0.32682606	-0.32682606	-0.32682606	-0.32682606	-0.32682606	-0.32682606	-0.32682606	-0.32682606	-0.32682606	-0.32682606
yunnan	0.26879472	0.26879472	0.26879472	0.26879472	0.26879472	0.26879472	0.26879472	0.26879472	0.26879472	0.26879472	0.26879472	0.26879472	0.26879472	0.26879472	0.26879472	0.26879472	0.26879472	0.26879472	0.26879472	0.26879472	0.26879472	0.26879472	0.26879472	0.26879472	0.26879472	0.26879472	0.26879472	0.26879472
guangdong	1.21404236	1.21404236	1.21404236	1.21404236	1.21404236	1.21404236	1.21404236	1.21404236	1.21404236	1.21404236	1.21404236	1.21404236	1.21404236	1.21404236	1.21404236	1.21404236	1.21404236	1.21404236	1.21404236	1.21404236	1.21404236	1.21404236	1.21404236	1.21404236	1.21404236	1.21404236	1.21404236	1.21404236
jiangsu	0.17049271	0.17049271	0.17049271	0.17049271	0.17049271	0.17049271	0.17049271	0.17049271	0.17049271	0.17049271	0.17049271	0.17049271	0.17049271	0.17049271	0.17049271	0.17049271	0.17049271	0.17049271	0.17049271	0.17049271	0.17049271	0.17049271	0.17049271	0.17049271	0.17049271	0.17049271	0.17049271	0.17049271
zhejiang	0.68334776	0.68334776	0.68334776	0.68334776	0.68334776	0.68334776	0.68334776	0.68334776	0.68334776	0.68334776	0.68334776	0.68334776	0.68334776	0.68334776	0.68334776	0.68334776	0.68334776	0.68334776	0.68334776	0.68334776	0.68334776	0.68334776	0.68334776	0.68334776	0.68334776	0.68334776	0.68334776	0.68334776
hunan	0.41093909	0.41093909	0.41093909	0.41093909	0.41093909	0.41093909	0.41093909	0.41093909	0.41093909	0.41093909	0.41093909	0.41093909	0.41093909	0.41093909	0.41093909	0.41093909	0.41093909	0.41093909	0.41093909	0.41093909	0.41093909	0.41093909	0.41093909	0.41093909	0.41093909	0.41093909	0.41093909	0.41093909
sichuan	0.40432281	0.40432281	0.40432281	0.40432281	0.40432281	0.40432281	0.40432281	0.40432281	0.40432281	0.40432281	0.40432281	0.40432281	0.40432281	0.40432281	0.40432281	0.40432281	0.40432281	0.40432281	0.40432281	0.40432281	0.40432281	0.40432281	0.40432281	0.40432281	0.40432281	0.40432281	0.40432281	0.40432281
shaanxi	-1.24689917	-1.24689917	-1.24689917	-1.24689917	-1.24689917	-1.24689917	-1.24689917	-1.24689917	-1.24689917	-1.24689917	-1.24689917	-1.24689917	-1.24689917	-1.24689917	-1.24689917	-1.24689917	-1.24689917	-1.24689917	-1.24689917	-1.24689917	-1.24689917	-1.24689917	-1.24689917	-1.24689917	-1.24689917	-1.24689917	-1.24689917	-1.24689917
heilongjiang	-0.43093128	-0.43093128	-0.43093128	-0.43093128	-0.43093128	-0.43093128	-0.43093128	-0.43093128	-0.43093128	-0.43093128	-0.43093128	-0.43093128	-0.43093128	-0.43093128	-0.43093128	-0.43093128	-0.43093128	-0.43093128	-0.43093128	-0.43093128	-0.43093128	-0.43093128	-0.43093128	-0.43093128	-0.43093128	-0.43093128	-0.43093128	-0.43093128
jiangxi	0.78739818	0.78739818	0.78739818	0.78739818	0.78739818	0.78739818	0.78739818	0.78739818	0.78739818	0.78739818	0.78739818	0.78739818	0.78739818	0.78739818	0.78739818	0.78739818	0.78739818	0.78739818	0.78739818	0.78739818	0.78739818	0.78739818	0.78739818	0.78739818	0.78739818	0.78739818	0.78739818	0.78739818
henan	-1.08835606	-1.08835606	-1.08835606	-1.08835606	-1.08835606	-1.08835606	-1.08835606	-1.08835606	-1.08835606	-1.08835606	-1.08835606	-1.08835606	-1.08835606	-1.08835606	-1.08835606	-1.08835606	-1.08835606	-1.08835606	-1.08835606	-1.08835606	-1.08835606	-1.08835606	-1.08835606	-1.08835606	-1.08835606	-1.08835606	-1.08835606	-1.08835606
shanxi	-1.37764754	-1.37764754	-1.37764754	-1.37764754	-1.37764754	-1.37764754	-1.37764754	-1.37764754	-1.37764754	-1.37764754	-1.37764754	-1.37764754	-1.37764754	-1.37764754	-1.37764754	-1.37764754	-1.37764754	-1.37764754	-1.37764754	-1.37764754	-1.37764754	-1.37764754	-1.37764754	-1.37764754	-1.37764754	-1.37764754	-1.37764754	-1.37764754
tibet	-1.76316231	-1.76316231	-1.76316231	-1.76316231	-1.76316231	-1.76316231	-1.76316231	-1.76316231	-1.76316231	-1.76316231	-1.76316231	-1.76316231	-1.76316231	-1.76316231	-1.76316231	-1.76316231	-1.76316231	-1.76316231	-1.76316231	-1.76316231	-1.76316231	-1.76316231	-1.76316231	-1.76316231	-1.76316231	-1.76316231	-1.76316231	-1.76316231
anhui	0.62985469	0.62985469	0.62985469	0.62985469	0.62985469	0.62985469	0.62985469	0.62985469	0.62985469	0.62985469	0.62985469	0.62985469	0.62985469	0.62985469	0.62985469	0.62985469	0.62985469	0.62985469	0.62985469	0.62985469	0.62985469	0.62985469	0.62985469	0.62985469	0.62985469	0.62985469	0.62985469	0.62985469
guizhou	1.10246543	1.10246543	1.10246543	1.10246543	1.10246543	1.10246543	1.10246543	1.10246543	1.10246543	1.10246543	1.10246543	1.10246543	1.10246543	1.10246543	1.10246543	1.10246543	1.10246543	1.10246543	1.10246543	1.10246543	1.10246543	1.10246543	1.10246543	1.10246543	1.10246543	1.10246543	1.10246543	1.10246543
shanghai	0.44796200	0.44796200	0.44796200	0.44796200	0.44796200	0.44796200	0.44796200	0.44796200	0.44796200	0.44796200	0.44796200	0.44796200	0.44796200	0.44796200	0.44796200	0.44796200	0.44796200	0.44796200	0.44796200	0.44796200	0.44796200	0.44796200	0.44796200	0.44796200	0.44796200	0.44796200	0.44796200	0.44796200
ningxia	-1.43411219	-1.43411219	-1.43411219	-1.43411219	-1.43411219	-1.43411219	-1.43411219	-1.43411219	-1.43411219	-1.43411219	-1.43411219	-1.43411219	-1.43411219	-1.43411219	-1.43411219	-1.43411219	-1.43411219	-1.43411219	-1.43411219	-1.43411219	-1.43411219	-1.43411219	-1.43411219	-1.43411219	-1.43411219	-1.43411219	-1.43411219	-1.43411219
california	-0.91923868	-0.91923868	-0.91923868	-0.91923868	-0.91923868	-0.91923868	-0.91923868	-0.91923868	-0.91923868	-0.91923868	-0.91923868	-0.91923868	-0.91923868	-0.91923868	-0.91923868	-0.91923868	-0.91923868	-0.91923868	-0.91923868	-0.91923868	-0.91923868	-0.91923868	-0.91923868	-0.91923868	-0.91923868	-0.91923868	-0.91923868	-0.91923868
missouri	0.62596988	0.62596988	0.62596988	0.62596988	0.62596988	0.62596988	0.62596988	0.62596988	0.62596988	0.62596988	0.62596988	0.62596988	0.62596988	0.62596988	0.62596988	0.62596988	0.62596988	0.62596988	0.62596988	0.62596988	0.62596988	0.62596988	0.62596988	0.62596988	0.62596988	0.62596988	0.62596988	0.62596988
cambodia	1.76893862	1.76893862	1.76893862	1.76893862	1.76893862	1.76893862	1.76893862	1.76893862	1.76893862	1.76893862	1.76893862	1.76893862	1.76893862	1.76893862	1.76893862	1.76893862	1.76893862	1.76893862	1.76893862	1.76893862	1.76893862	1.76893862	1.76893862	1.76893862	1.76893862	1.76893862	1.76893862	1.76893862
sweden	0.55248557	0.55248557	0.55248557	0.55248557	0.55248557	0.55248557	0.55248557	0.55248557	0.55248557	0.55248557	0.55248557	0.55248557	0.55248557	0.55248557	0.55248557	0.55248557	0.55248557	0.55248557	0.55248557	0.55248557	0.55248557	0.55248557	0.55248557	0.55248557	0.55248557	0.55248557	0.55248557	0.55248557
australia	-0.21277593	-0.21277593	-0.21277593	-0.21277593	-0.21277593	-0.21277593	-0.21277593	-0.21277593	-0.21277593	-0.21277593	-0.21277593	-0.21277593	-0.21277593	-0.21277593	-0.21277593	-0.21277593	-0.21277593	-0.21277593	-0.21277593	-0.21277593	-0.21277593	-0.21277593	-0.21277593	-0.21277593	-0.21277593	-0.21277593	-0.21277593	-0.21277593
tunisia	-2.44349370	-2.44349370	-2.44349370	-2.44349370	-2.44349370	-2.44349370	-2.44349370	-2.44349370	-2.44349370	-2.44349370	-2.44349370	-2.44349370	-2.44349370	-2.44349370	-2.44349370	-2.44349370	-2.44349370	-2.44349370	-2.44349370	-2.44349370	-2.44349370	-2.44349370	-2.44349370	-2.44349370	-2.44349370	-2.44349370	-2.44349370	-2.44349370
greece	0.21788137	0.21788137	0.21788137	0.21788137	0.21788137	0.21788137	0.21788137	0.21788137	0.21788137	0.21788137	0.21788137	0.21788137	0.21788137	0.21788137	0.21788137	0.21788137	0.21788137	0.21788137	0.21788137	0.21788137	0.21788137	0.21788137	0.21788137	0.21788137	0.21788137	0.21788137	0.21788137	0.21788137
belgium	1.03159541	1.03159541	1.03159541	1.03159541	1.03159541	1.03159541	1.03159541	1.03159541	1.03159541	1.03159541	1.03159541	1.03159541	1.03159541	1.03159541	1.03159541	1.03159541	1.03159541	1.03159541	1.03159541	1.03159541	1.03159541	1.03159541	1.03159541	1.03159541	1.03159541	1.03159541	1.03159541	1.03159541
burkina_faso	0.22034000	0.22034000	0.22034000	0.22034000	0.22034000	0.22034000	0.22034000	0.22034000	0.22034000	0.22034000	0.22034000	0.22034000	0.22034000	0.22034000	0.22034000	0.22034000	0.22034000	0.22034000	0.22034000	0.22034000	0.22034000	0.22034000	0.22034000	0.22034000	0.22034000	0.22034000	0.22034000	0.22034000
united_kingdom	1.06059455	1.06059455	1.06059455	1.06059455	1.06059455	1.06059455	1.06059455	1.06059455	1.06059455	1.06059455	1.06059455	1.06059455	1.06059455	1.06059455	1.06059455	1.06059455	1.06059455	1.06059455	1.06059455	1.06059455	1.06059455	1.06059455	1.06059455	1.06059455	1.06059455	1.06059455	1.06059455	1.06059455
