	australia	sweden	california	missouri	tunisia	greece	belgium	tibet	cambodia	burkina_faso	united_kingdom	zhejiang	hubei	jiangsu	hainan	yunnan	guangdong	heilongjiang	henan	hunan	ningxia	shaanxi	shanxi	anhui	guizhou	jiangxi	shanghai	sichuan
australia	1.03543734	1.03543734	1.03543734	1.03543734	1.03543734	1.03543734	1.03543734	1.03543734	1.03543734	1.03543734	1.03543734	1.03543734	1.03543734	1.03543734	1.03543734	1.03543734	1.03543734	1.03543734	1.03543734	1.03543734	1.03543734	1.03543734	1.03543734	1.03543734	1.03543734	1.03543734	1.03543734	1.03543734
sweden	-0.36751266	-0.36751266	-0.36751266	-0.36751266	-0.36751266	-0.36751266	-0.36751266	-0.36751266	-0.36751266	-0.36751266	-0.36751266	-0.36751266	-0.36751266	-0.36751266	-0.36751266	-0.36751266	-0.36751266	-0.36751266	-0.36751266	-0.36751266	-0.36751266	-0.36751266	-0.36751266	-0.36751266	-0.36751266	-0.36751266	-0.36751266	-0.36751266
california	1.81168222	1.81168222	1.81168222	1.81168222	1.81168222	1.81168222	1.81168222	1.81168222	1.81168222	1.81168222	1.81168222	1.81168222	1.81168222	1.81168222	1.81168222	1.81168222	1.81168222	1.81168222	1.81168222	1.81168222	1.81168222	1.81168222	1.81168222	1.81168222	1.81168222	1.81168222	1.81168222	1.81168222
missouri	-1.14375754	-1.14375754	-1.14375754	-1.14375754	-1.14375754	-1.14375754	-1.14375754	-1.14375754	-1.14375754	-1.14375754	-1.14375754	-1.14375754	-1.14375754	-1.14375754	-1.14375754	-1.14375754	-1.14375754	-1.14375754	-1.14375754	-1.14375754	-1.14375754	-1.14375754	-1.14375754	-1.14375754	-1.14375754	-1.14375754	-1.14375754	-1.14375754
tunisia	-1.14375754	-1.14375754	-1.14375754	-1.14375754	-1.14375754	-1.14375754	-1.14375754	-1.14375754	-1.14375754	-1.14375754	-1.14375754	-1.14375754	-1.14375754	-1.14375754	-1.14375754	-1.14375754	-1.14375754	-1.14375754	-1.14375754	-1.14375754	-1.14375754	-1.14375754	-1.14375754	-1.14375754	-1.14375754	-1.14375754	-1.14375754	-1.14375754
greece	-1.14375754	-1.14375754	-1.14375754	-1.14375754	-1.14375754	-1.14375754	-1.14375754	-1.14375754	-1.14375754	-1.14375754	-1.14375754	-1.14375754	-1.14375754	-1.14375754	-1.14375754	-1.14375754	-1.14375754	-1.14375754	-1.14375754	-1.14375754	-1.14375754	-1.14375754	-1.14375754	-1.14375754	-1.14375754	-1.14375754	-1.14375754	-1.14375754
belgium	0.65862725	0.65862725	0.65862725	0.65862725	0.65862725	0.65862725	0.65862725	0.65862725	0.65862725	0.65862725	0.65862725	0.65862725	0.65862725	0.65862725	0.65862725	0.65862725	0.65862725	0.65862725	0.65862725	0.65862725	0.65862725	0.65862725	0.65862725	0.65862725	0.65862725	0.65862725	0.65862725	0.65862725
tibet	-1.14375754	-1.14375754	-1.14375754	-1.14375754	-1.14375754	-1.14375754	-1.14375754	-1.14375754	-1.14375754	-1.14375754	-1.14375754	-1.14375754	-1.14375754	-1.14375754	-1.14375754	-1.14375754	-1.14375754	-1.14375754	-1.14375754	-1.14375754	-1.14375754	-1.14375754	-1.14375754	-1.14375754	-1.14375754	-1.14375754	-1.14375754	-1.14375754
cambodia	2.15367444	2.15367444	2.15367444	2.15367444	2.15367444	2.15367444	2.15367444	2.15367444	2.15367444	2.15367444	2.15367444	2.15367444	2.15367444	2.15367444	2.15367444	2.15367444	2.15367444	2.15367444	2.15367444	2.15367444	2.15367444	2.15367444	2.15367444	2.15367444	2.15367444	2.15367444	2.15367444	2.15367444
burkina_faso	0.86280636	0.86280636	0.86280636	0.86280636	0.86280636	0.86280636	0.86280636	0.86280636	0.86280636	0.86280636	0.86280636	0.86280636	0.86280636	0.86280636	0.86280636	0.86280636	0.86280636	0.86280636	0.86280636	0.86280636	0.86280636	0.86280636	0.86280636	0.86280636	0.86280636	0.86280636	0.86280636	0.86280636
united_kingdom	-1.14375754	-1.14375754	-1.14375754	-1.14375754	-1.14375754	-1.14375754	-1.14375754	-1.14375754	-1.14375754	-1.14375754	-1.14375754	-1.14375754	-1.14375754	-1.14375754	-1.14375754	-1.14375754	-1.14375754	-1.14375754	-1.14375754	-1.14375754	-1.14375754	-1.14375754	-1.14375754	-1.14375754	-1.14375754	-1.14375754	-1.14375754	-1.14375754
zhejiang	0.08656148	0.08656148	0.08656148	0.08656148	0.08656148	0.08656148	0.08656148	0.08656148	0.08656148	0.08656148	0.08656148	0.08656148	0.08656148	0.08656148	0.08656148	0.08656148	0.08656148	0.08656148	0.08656148	0.08656148	0.08656148	0.08656148	0.08656148	0.08656148	0.08656148	0.08656148	0.08656148	0.08656148
hubei	0.08656148	0.08656148	0.08656148	0.08656148	0.08656148	0.08656148	0.08656148	0.08656148	0.08656148	0.08656148	0.08656148	0.08656148	0.08656148	0.08656148	0.08656148	0.08656148	0.08656148	0.08656148	0.08656148	0.08656148	0.08656148	0.08656148	0.08656148	0.08656148	0.08656148	0.08656148	0.08656148	0.08656148
jiangsu	0.08656148	0.08656148	0.08656148	0.08656148	0.08656148	0.08656148	0.08656148	0.08656148	0.08656148	0.08656148	0.08656148	0.08656148	0.08656148	0.08656148	0.08656148	0.08656148	0.08656148	0.08656148	0.08656148	0.08656148	0.08656148	0.08656148	0.08656148	0.08656148	0.08656148	0.08656148	0.08656148	0.08656148
hainan	1.18497710	1.18497710	1.18497710	1.18497710	1.18497710	1.18497710	1.18497710	1.18497710	1.18497710	1.18497710	1.18497710	1.18497710	1.18497710	1.18497710	1.18497710	1.18497710	1.18497710	1.18497710	1.18497710	1.18497710	1.18497710	1.18497710	1.18497710	1.18497710	1.18497710	1.18497710	1.18497710	1.18497710
yunnan	1.81168222	1.81168222	1.81168222	1.81168222	1.81168222	1.81168222	1.81168222	1.81168222	1.81168222	1.81168222	1.81168222	1.81168222	1.81168222	1.81168222	1.81168222	1.81168222	1.81168222	1.81168222	1.81168222	1.81168222	1.81168222	1.81168222	1.81168222	1.81168222	1.81168222	1.81168222	1.81168222	1.81168222
guangdong	0.86280636	0.86280636	0.86280636	0.86280636	0.86280636	0.86280636	0.86280636	0.86280636	0.86280636	0.86280636	0.86280636	0.86280636	0.86280636	0.86280636	0.86280636	0.86280636	0.86280636	0.86280636	0.86280636	0.86280636	0.86280636	0.86280636	0.86280636	0.86280636	0.86280636	0.86280636	0.86280636	0.86280636
heilongjiang	0.08656148	0.08656148	0.08656148	0.08656148	0.08656148	0.08656148	0.08656148	0.08656148	0.08656148	0.08656148	0.08656148	0.08656148	0.08656148	0.08656148	0.08656148	0.08656148	0.08656148	0.08656148	0.08656148	0.08656148	0.08656148	0.08656148	0.08656148	0.08656148	0.08656148	0.08656148	0.08656148	0.08656148
henan	-0.36751266	-0.36751266	-0.36751266	-0.36751266	-0.36751266	-0.36751266	-0.36751266	-0.36751266	-0.36751266	-0.36751266	-0.36751266	-0.36751266	-0.36751266	-0.36751266	-0.36751266	-0.36751266	-0.36751266	-0.36751266	-0.36751266	-0.36751266	-0.36751266	-0.36751266	-0.36751266	-0.36751266	-0.36751266	-0.36751266	-0.36751266	-0.36751266
hunan	0.08656148	0.08656148	0.08656148	0.08656148	0.08656148	0.08656148	0.08656148	0.08656148	0.08656148	0.08656148	0.08656148	0.08656148	0.08656148	0.08656148	0.08656148	0.08656148	0.08656148	0.08656148	0.08656148	0.08656148	0.08656148	0.08656148	0.08656148	0.08656148	0.08656148	0.08656148	0.08656148	0.08656148
ningxia	-1.14375754	-1.14375754	-1.14375754	-1.14375754	-1.14375754	-1.14375754	-1.14375754	-1.14375754	-1.14375754	-1.14375754	-1.14375754	-1.14375754	-1.14375754	-1.14375754	-1.14375754	-1.14375754	-1.14375754	-1.14375754	-1.14375754	-1.14375754	-1.14375754	-1.14375754	-1.14375754	-1.14375754	-1.14375754	-1.14375754	-1.14375754	-1.14375754
shaanxi	0.08656148	0.08656148	0.08656148	0.08656148	0.08656148	0.08656148	0.08656148	0.08656148	0.08656148	0.08656148	0.08656148	0.08656148	0.08656148	0.08656148	0.08656148	0.08656148	0.08656148	0.08656148	0.08656148	0.08656148	0.08656148	0.08656148	0.08656148	0.08656148	0.08656148	0.08656148	0.08656148	0.08656148
shanxi	0.40873222	0.40873222	0.40873222	0.40873222	0.40873222	0.40873222	0.40873222	0.40873222	0.40873222	0.40873222	0.40873222	0.40873222	0.40873222	0.40873222	0.40873222	0.40873222	0.40873222	0.40873222	0.40873222	0.40873222	0.40873222	0.40873222	0.40873222	0.40873222	0.40873222	0.40873222	0.40873222	0.40873222
anhui	-1.14375754	-1.14375754	-1.14375754	-1.14375754	-1.14375754	-1.14375754	-1.14375754	-1.14375754	-1.14375754	-1.14375754	-1.14375754	-1.14375754	-1.14375754	-1.14375754	-1.14375754	-1.14375754	-1.14375754	-1.14375754	-1.14375754	-1.14375754	-1.14375754	-1.14375754	-1.14375754	-1.14375754	-1.14375754	-1.14375754	-1.14375754	-1.14375754
guizhou	-0.36751266	-0.36751266	-0.36751266	-0.36751266	-0.36751266	-0.36751266	-0.36751266	-0.36751266	-0.36751266	-0.36751266	-0.36751266	-0.36751266	-0.36751266	-0.36751266	-0.36751266	-0.36751266	-0.36751266	-0.36751266	-0.36751266	-0.36751266	-0.36751266	-0.36751266	-0.36751266	-0.36751266	-0.36751266	-0.36751266	-0.36751266	-0.36751266
jiangxi	-1.14375754	-1.14375754	-1.14375754	-1.14375754	-1.14375754	-1.14375754	-1.14375754	-1.14375754	-1.14375754	-1.14375754	-1.14375754	-1.14375754	-1.14375754	-1.14375754	-1.14375754	-1.14375754	-1.14375754	-1.14375754	-1.14375754	-1.14375754	-1.14375754	-1.14375754	-1.14375754	-1.14375754	-1.14375754	-1.14375754	-1.14375754	-1.14375754
shanghai	0.08656148	0.08656148	0.08656148	0.08656148	0.08656148	0.08656148	0.08656148	0.08656148	0.08656148	0.08656148	0.08656148	0.08656148	0.08656148	0.08656148	0.08656148	0.08656148	0.08656148	0.08656148	0.08656148	0.08656148	0.08656148	0.08656148	0.08656148	0.08656148	0.08656148	0.08656148	0.08656148	0.08656148
sichuan	-1.14375754	-1.14375754	-1.14375754	-1.14375754	-1.14375754	-1.14375754	-1.14375754	-1.14375754	-1.14375754	-1.14375754	-1.14375754	-1.14375754	-1.14375754	-1.14375754	-1.14375754	-1.14375754	-1.14375754	-1.14375754	-1.14375754	-1.14375754	-1.14375754	-1.14375754	-1.14375754	-1.14375754	-1.14375754	-1.14375754	-1.14375754	-1.14375754
