	Alaska	Arkansas	Bangladesh	Brazil	California	Colorado	Connecticut	Florida	Georgia	Germany	Hawaii	India	Iowa	Louisiana	Maryland	Massachusetts	Mexico	Mississippi	Missouri	Montana	New_Mexico	Nigeria	North_Carolina	Ohio	Oklahoma	Peru	Philippines	South_Carolina	Tennessee	Texas	Utah	West_Virginia	Yemen
Alaska	0.53062223	0.53062223	0.53062223	0.53062223	0.53062223	0.53062223	0.53062223	0.53062223	0.53062223	0.53062223	0.53062223	0.53062223	0.53062223	0.53062223	0.53062223	0.53062223	0.53062223	0.53062223	0.53062223	0.53062223	0.53062223	0.53062223	0.53062223	0.53062223	0.53062223	0.53062223	0.53062223	0.53062223	0.53062223	0.53062223	0.53062223	0.53062223	0.53062223
Arkansas	-1.37252876	-1.37252876	-1.37252876	-1.37252876	-1.37252876	-1.37252876	-1.37252876	-1.37252876	-1.37252876	-1.37252876	-1.37252876	-1.37252876	-1.37252876	-1.37252876	-1.37252876	-1.37252876	-1.37252876	-1.37252876	-1.37252876	-1.37252876	-1.37252876	-1.37252876	-1.37252876	-1.37252876	-1.37252876	-1.37252876	-1.37252876	-1.37252876	-1.37252876	-1.37252876	-1.37252876	-1.37252876	-1.37252876
Bangladesh	1.05050650	1.05050650	1.05050650	1.05050650	1.05050650	1.05050650	1.05050650	1.05050650	1.05050650	1.05050650	1.05050650	1.05050650	1.05050650	1.05050650	1.05050650	1.05050650	1.05050650	1.05050650	1.05050650	1.05050650	1.05050650	1.05050650	1.05050650	1.05050650	1.05050650	1.05050650	1.05050650	1.05050650	1.05050650	1.05050650	1.05050650	1.05050650	1.05050650
Brazil	0.84114783	0.84114783	0.84114783	0.84114783	0.84114783	0.84114783	0.84114783	0.84114783	0.84114783	0.84114783	0.84114783	0.84114783	0.84114783	0.84114783	0.84114783	0.84114783	0.84114783	0.84114783	0.84114783	0.84114783	0.84114783	0.84114783	0.84114783	0.84114783	0.84114783	0.84114783	0.84114783	0.84114783	0.84114783	0.84114783	0.84114783	0.84114783	0.84114783
California	0.51081265	0.51081265	0.51081265	0.51081265	0.51081265	0.51081265	0.51081265	0.51081265	0.51081265	0.51081265	0.51081265	0.51081265	0.51081265	0.51081265	0.51081265	0.51081265	0.51081265	0.51081265	0.51081265	0.51081265	0.51081265	0.51081265	0.51081265	0.51081265	0.51081265	0.51081265	0.51081265	0.51081265	0.51081265	0.51081265	0.51081265	0.51081265	0.51081265
Colorado	0.62510850	0.62510850	0.62510850	0.62510850	0.62510850	0.62510850	0.62510850	0.62510850	0.62510850	0.62510850	0.62510850	0.62510850	0.62510850	0.62510850	0.62510850	0.62510850	0.62510850	0.62510850	0.62510850	0.62510850	0.62510850	0.62510850	0.62510850	0.62510850	0.62510850	0.62510850	0.62510850	0.62510850	0.62510850	0.62510850	0.62510850	0.62510850	0.62510850
Connecticut	-0.39506037	-0.39506037	-0.39506037	-0.39506037	-0.39506037	-0.39506037	-0.39506037	-0.39506037	-0.39506037	-0.39506037	-0.39506037	-0.39506037	-0.39506037	-0.39506037	-0.39506037	-0.39506037	-0.39506037	-0.39506037	-0.39506037	-0.39506037	-0.39506037	-0.39506037	-0.39506037	-0.39506037	-0.39506037	-0.39506037	-0.39506037	-0.39506037	-0.39506037	-0.39506037	-0.39506037	-0.39506037	-0.39506037
Florida	0.88599690	0.88599690	0.88599690	0.88599690	0.88599690	0.88599690	0.88599690	0.88599690	0.88599690	0.88599690	0.88599690	0.88599690	0.88599690	0.88599690	0.88599690	0.88599690	0.88599690	0.88599690	0.88599690	0.88599690	0.88599690	0.88599690	0.88599690	0.88599690	0.88599690	0.88599690	0.88599690	0.88599690	0.88599690	0.88599690	0.88599690	0.88599690	0.88599690
Georgia	-1.57604444	-1.57604444	-1.57604444	-1.57604444	-1.57604444	-1.57604444	-1.57604444	-1.57604444	-1.57604444	-1.57604444	-1.57604444	-1.57604444	-1.57604444	-1.57604444	-1.57604444	-1.57604444	-1.57604444	-1.57604444	-1.57604444	-1.57604444	-1.57604444	-1.57604444	-1.57604444	-1.57604444	-1.57604444	-1.57604444	-1.57604444	-1.57604444	-1.57604444	-1.57604444	-1.57604444	-1.57604444	-1.57604444
Germany	-2.31447679	-2.31447679	-2.31447679	-2.31447679	-2.31447679	-2.31447679	-2.31447679	-2.31447679	-2.31447679	-2.31447679	-2.31447679	-2.31447679	-2.31447679	-2.31447679	-2.31447679	-2.31447679	-2.31447679	-2.31447679	-2.31447679	-2.31447679	-2.31447679	-2.31447679	-2.31447679	-2.31447679	-2.31447679	-2.31447679	-2.31447679	-2.31447679	-2.31447679	-2.31447679	-2.31447679	-2.31447679	-2.31447679
Hawaii	0.38467296	0.38467296	0.38467296	0.38467296	0.38467296	0.38467296	0.38467296	0.38467296	0.38467296	0.38467296	0.38467296	0.38467296	0.38467296	0.38467296	0.38467296	0.38467296	0.38467296	0.38467296	0.38467296	0.38467296	0.38467296	0.38467296	0.38467296	0.38467296	0.38467296	0.38467296	0.38467296	0.38467296	0.38467296	0.38467296	0.38467296	0.38467296	0.38467296
India	0.99810005	0.99810005	0.99810005	0.99810005	0.99810005	0.99810005	0.99810005	0.99810005	0.99810005	0.99810005	0.99810005	0.99810005	0.99810005	0.99810005	0.99810005	0.99810005	0.99810005	0.99810005	0.99810005	0.99810005	0.99810005	0.99810005	0.99810005	0.99810005	0.99810005	0.99810005	0.99810005	0.99810005	0.99810005	0.99810005	0.99810005	0.99810005	0.99810005
Iowa	0.76252299	0.76252299	0.76252299	0.76252299	0.76252299	0.76252299	0.76252299	0.76252299	0.76252299	0.76252299	0.76252299	0.76252299	0.76252299	0.76252299	0.76252299	0.76252299	0.76252299	0.76252299	0.76252299	0.76252299	0.76252299	0.76252299	0.76252299	0.76252299	0.76252299	0.76252299	0.76252299	0.76252299	0.76252299	0.76252299	0.76252299	0.76252299	0.76252299
Louisiana	0.49067563	0.49067563	0.49067563	0.49067563	0.49067563	0.49067563	0.49067563	0.49067563	0.49067563	0.49067563	0.49067563	0.49067563	0.49067563	0.49067563	0.49067563	0.49067563	0.49067563	0.49067563	0.49067563	0.49067563	0.49067563	0.49067563	0.49067563	0.49067563	0.49067563	0.49067563	0.49067563	0.49067563	0.49067563	0.49067563	0.49067563	0.49067563	0.49067563
Maryland	0.02679489	0.02679489	0.02679489	0.02679489	0.02679489	0.02679489	0.02679489	0.02679489	0.02679489	0.02679489	0.02679489	0.02679489	0.02679489	0.02679489	0.02679489	0.02679489	0.02679489	0.02679489	0.02679489	0.02679489	0.02679489	0.02679489	0.02679489	0.02679489	0.02679489	0.02679489	0.02679489	0.02679489	0.02679489	0.02679489	0.02679489	0.02679489	0.02679489
Massachusetts	-2.80843961	-2.80843961	-2.80843961	-2.80843961	-2.80843961	-2.80843961	-2.80843961	-2.80843961	-2.80843961	-2.80843961	-2.80843961	-2.80843961	-2.80843961	-2.80843961	-2.80843961	-2.80843961	-2.80843961	-2.80843961	-2.80843961	-2.80843961	-2.80843961	-2.80843961	-2.80843961	-2.80843961	-2.80843961	-2.80843961	-2.80843961	-2.80843961	-2.80843961	-2.80843961	-2.80843961	-2.80843961	-2.80843961
Mexico	1.07588788	1.07588788	1.07588788	1.07588788	1.07588788	1.07588788	1.07588788	1.07588788	1.07588788	1.07588788	1.07588788	1.07588788	1.07588788	1.07588788	1.07588788	1.07588788	1.07588788	1.07588788	1.07588788	1.07588788	1.07588788	1.07588788	1.07588788	1.07588788	1.07588788	1.07588788	1.07588788	1.07588788	1.07588788	1.07588788	1.07588788	1.07588788	1.07588788
Mississippi	-0.52809374	-0.52809374	-0.52809374	-0.52809374	-0.52809374	-0.52809374	-0.52809374	-0.52809374	-0.52809374	-0.52809374	-0.52809374	-0.52809374	-0.52809374	-0.52809374	-0.52809374	-0.52809374	-0.52809374	-0.52809374	-0.52809374	-0.52809374	-0.52809374	-0.52809374	-0.52809374	-0.52809374	-0.52809374	-0.52809374	-0.52809374	-0.52809374	-0.52809374	-0.52809374	-0.52809374	-0.52809374	-0.52809374
Missouri	0.42818695	0.42818695	0.42818695	0.42818695	0.42818695	0.42818695	0.42818695	0.42818695	0.42818695	0.42818695	0.42818695	0.42818695	0.42818695	0.42818695	0.42818695	0.42818695	0.42818695	0.42818695	0.42818695	0.42818695	0.42818695	0.42818695	0.42818695	0.42818695	0.42818695	0.42818695	0.42818695	0.42818695	0.42818695	0.42818695	0.42818695	0.42818695	0.42818695
Montana	0.66094232	0.66094232	0.66094232	0.66094232	0.66094232	0.66094232	0.66094232	0.66094232	0.66094232	0.66094232	0.66094232	0.66094232	0.66094232	0.66094232	0.66094232	0.66094232	0.66094232	0.66094232	0.66094232	0.66094232	0.66094232	0.66094232	0.66094232	0.66094232	0.66094232	0.66094232	0.66094232	0.66094232	0.66094232	0.66094232	0.66094232	0.66094232	0.66094232
New_Mexico	-0.62560675	-0.62560675	-0.62560675	-0.62560675	-0.62560675	-0.62560675	-0.62560675	-0.62560675	-0.62560675	-0.62560675	-0.62560675	-0.62560675	-0.62560675	-0.62560675	-0.62560675	-0.62560675	-0.62560675	-0.62560675	-0.62560675	-0.62560675	-0.62560675	-0.62560675	-0.62560675	-0.62560675	-0.62560675	-0.62560675	-0.62560675	-0.62560675	-0.62560675	-0.62560675	-0.62560675	-0.62560675	-0.62560675
Nigeria	1.10075124	1.10075124	1.10075124	1.10075124	1.10075124	1.10075124	1.10075124	1.10075124	1.10075124	1.10075124	1.10075124	1.10075124	1.10075124	1.10075124	1.10075124	1.10075124	1.10075124	1.10075124	1.10075124	1.10075124	1.10075124	1.10075124	1.10075124	1.10075124	1.10075124	1.10075124	1.10075124	1.10075124	1.10075124	1.10075124	1.10075124	1.10075124	1.10075124
North_Carolina	-0.67745552	-0.67745552	-0.67745552	-0.67745552	-0.67745552	-0.67745552	-0.67745552	-0.67745552	-0.67745552	-0.67745552	-0.67745552	-0.67745552	-0.67745552	-0.67745552	-0.67745552	-0.67745552	-0.67745552	-0.67745552	-0.67745552	-0.67745552	-0.67745552	-0.67745552	-0.67745552	-0.67745552	-0.67745552	-0.67745552	-0.67745552	-0.67745552	-0.67745552	-0.67745552	-0.67745552	-0.67745552	-0.67745552
Ohio	-0.27513455	-0.27513455	-0.27513455	-0.27513455	-0.27513455	-0.27513455	-0.27513455	-0.27513455	-0.27513455	-0.27513455	-0.27513455	-0.27513455	-0.27513455	-0.27513455	-0.27513455	-0.27513455	-0.27513455	-0.27513455	-0.27513455	-0.27513455	-0.27513455	-0.27513455	-0.27513455	-0.27513455	-0.27513455	-0.27513455	-0.27513455	-0.27513455	-0.27513455	-0.27513455	-0.27513455	-0.27513455	-0.27513455
Oklahoma	0.26856017	0.26856017	0.26856017	0.26856017	0.26856017	0.26856017	0.26856017	0.26856017	0.26856017	0.26856017	0.26856017	0.26856017	0.26856017	0.26856017	0.26856017	0.26856017	0.26856017	0.26856017	0.26856017	0.26856017	0.26856017	0.26856017	0.26856017	0.26856017	0.26856017	0.26856017	0.26856017	0.26856017	0.26856017	0.26856017	0.26856017	0.26856017	0.26856017
Peru	0.97102644	0.97102644	0.97102644	0.97102644	0.97102644	0.97102644	0.97102644	0.97102644	0.97102644	0.97102644	0.97102644	0.97102644	0.97102644	0.97102644	0.97102644	0.97102644	0.97102644	0.97102644	0.97102644	0.97102644	0.97102644	0.97102644	0.97102644	0.97102644	0.97102644	0.97102644	0.97102644	0.97102644	0.97102644	0.97102644	0.97102644	0.97102644	0.97102644
Philippines	0.90058704	0.90058704	0.90058704	0.90058704	0.90058704	0.90058704	0.90058704	0.90058704	0.90058704	0.90058704	0.90058704	0.90058704	0.90058704	0.90058704	0.90058704	0.90058704	0.90058704	0.90058704	0.90058704	0.90058704	0.90058704	0.90058704	0.90058704	0.90058704	0.90058704	0.90058704	0.90058704	0.90058704	0.90058704	0.90058704	0.90058704	0.90058704	0.90058704
South_Carolina	-0.57587485	-0.57587485	-0.57587485	-0.57587485	-0.57587485	-0.57587485	-0.57587485	-0.57587485	-0.57587485	-0.57587485	-0.57587485	-0.57587485	-0.57587485	-0.57587485	-0.57587485	-0.57587485	-0.57587485	-0.57587485	-0.57587485	-0.57587485	-0.57587485	-0.57587485	-0.57587485	-0.57587485	-0.57587485	-0.57587485	-0.57587485	-0.57587485	-0.57587485	-0.57587485	-0.57587485	-0.57587485	-0.57587485
Tennessee	-0.48211613	-0.48211613	-0.48211613	-0.48211613	-0.48211613	-0.48211613	-0.48211613	-0.48211613	-0.48211613	-0.48211613	-0.48211613	-0.48211613	-0.48211613	-0.48211613	-0.48211613	-0.48211613	-0.48211613	-0.48211613	-0.48211613	-0.48211613	-0.48211613	-0.48211613	-0.48211613	-0.48211613	-0.48211613	-0.48211613	-0.48211613	-0.48211613	-0.48211613	-0.48211613	-0.48211613	-0.48211613	-0.48211613
Texas	-0.13164393	-0.13164393	-0.13164393	-0.13164393	-0.13164393	-0.13164393	-0.13164393	-0.13164393	-0.13164393	-0.13164393	-0.13164393	-0.13164393	-0.13164393	-0.13164393	-0.13164393	-0.13164393	-0.13164393	-0.13164393	-0.13164393	-0.13164393	-0.13164393	-0.13164393	-0.13164393	-0.13164393	-0.13164393	-0.13164393	-0.13164393	-0.13164393	-0.13164393	-0.13164393	-0.13164393	-0.13164393	-0.13164393
Utah	-1.47004177	-1.47004177	-1.47004177	-1.47004177	-1.47004177	-1.47004177	-1.47004177	-1.47004177	-1.47004177	-1.47004177	-1.47004177	-1.47004177	-1.47004177	-1.47004177	-1.47004177	-1.47004177	-1.47004177	-1.47004177	-1.47004177	-1.47004177	-1.47004177	-1.47004177	-1.47004177	-1.47004177	-1.47004177	-1.47004177	-1.47004177	-1.47004177	-1.47004177	-1.47004177	-1.47004177	-1.47004177	-1.47004177
West_Virginia	-0.23764660	-0.23764660	-0.23764660	-0.23764660	-0.23764660	-0.23764660	-0.23764660	-0.23764660	-0.23764660	-0.23764660	-0.23764660	-0.23764660	-0.23764660	-0.23764660	-0.23764660	-0.23764660	-0.23764660	-0.23764660	-0.23764660	-0.23764660	-0.23764660	-0.23764660	-0.23764660	-0.23764660	-0.23764660	-0.23764660	-0.23764660	-0.23764660	-0.23764660	-0.23764660	-0.23764660	-0.23764660	-0.23764660
Yemen	0.95726062	0.95726062	0.95726062	0.95726062	0.95726062	0.95726062	0.95726062	0.95726062	0.95726062	0.95726062	0.95726062	0.95726062	0.95726062	0.95726062	0.95726062	0.95726062	0.95726062	0.95726062	0.95726062	0.95726062	0.95726062	0.95726062	0.95726062	0.95726062	0.95726062	0.95726062	0.95726062	0.95726062	0.95726062	0.95726062	0.95726062	0.95726062	0.95726062
