	Alaska	Arkansas	Bangladesh	Brazil	California	Colorado	Connecticut	Florida	Georgia	Germany	Hawaii	India	Iowa	Louisiana	Maryland	Massachusetts	Mexico	Mississippi	Missouri	Montana	New_Mexico	Nigeria	North_Carolina	Ohio	Oklahoma	Peru	Philippines	South_Carolina	Tennessee	Texas	Utah	West_Virginia	Yemen
Alaska	-0.81837990	-0.81837990	-0.81837990	-0.81837990	-0.81837990	-0.81837990	-0.81837990	-0.81837990	-0.81837990	-0.81837990	-0.81837990	-0.81837990	-0.81837990	-0.81837990	-0.81837990	-0.81837990	-0.81837990	-0.81837990	-0.81837990	-0.81837990	-0.81837990	-0.81837990	-0.81837990	-0.81837990	-0.81837990	-0.81837990	-0.81837990	-0.81837990	-0.81837990	-0.81837990	-0.81837990	-0.81837990	-0.81837990
Arkansas	0.66703353	0.66703353	0.66703353	0.66703353	0.66703353	0.66703353	0.66703353	0.66703353	0.66703353	0.66703353	0.66703353	0.66703353	0.66703353	0.66703353	0.66703353	0.66703353	0.66703353	0.66703353	0.66703353	0.66703353	0.66703353	0.66703353	0.66703353	0.66703353	0.66703353	0.66703353	0.66703353	0.66703353	0.66703353	0.66703353	0.66703353	0.66703353	0.66703353
Bangladesh	0.66703353	0.66703353	0.66703353	0.66703353	0.66703353	0.66703353	0.66703353	0.66703353	0.66703353	0.66703353	0.66703353	0.66703353	0.66703353	0.66703353	0.66703353	0.66703353	0.66703353	0.66703353	0.66703353	0.66703353	0.66703353	0.66703353	0.66703353	0.66703353	0.66703353	0.66703353	0.66703353	0.66703353	0.66703353	0.66703353	0.66703353	0.66703353	0.66703353
Brazil	0.66703353	0.66703353	0.66703353	0.66703353	0.66703353	0.66703353	0.66703353	0.66703353	0.66703353	0.66703353	0.66703353	0.66703353	0.66703353	0.66703353	0.66703353	0.66703353	0.66703353	0.66703353	0.66703353	0.66703353	0.66703353	0.66703353	0.66703353	0.66703353	0.66703353	0.66703353	0.66703353	0.66703353	0.66703353	0.66703353	0.66703353	0.66703353	0.66703353
California	0.66703353	0.66703353	0.66703353	0.66703353	0.66703353	0.66703353	0.66703353	0.66703353	0.66703353	0.66703353	0.66703353	0.66703353	0.66703353	0.66703353	0.66703353	0.66703353	0.66703353	0.66703353	0.66703353	0.66703353	0.66703353	0.66703353	0.66703353	0.66703353	0.66703353	0.66703353	0.66703353	0.66703353	0.66703353	0.66703353	0.66703353	0.66703353	0.66703353
Colorado	0.66703353	0.66703353	0.66703353	0.66703353	0.66703353	0.66703353	0.66703353	0.66703353	0.66703353	0.66703353	0.66703353	0.66703353	0.66703353	0.66703353	0.66703353	0.66703353	0.66703353	0.66703353	0.66703353	0.66703353	0.66703353	0.66703353	0.66703353	0.66703353	0.66703353	0.66703353	0.66703353	0.66703353	0.66703353	0.66703353	0.66703353	0.66703353	0.66703353
Connecticut	-0.81837990	-0.81837990	-0.81837990	-0.81837990	-0.81837990	-0.81837990	-0.81837990	-0.81837990	-0.81837990	-0.81837990	-0.81837990	-0.81837990	-0.81837990	-0.81837990	-0.81837990	-0.81837990	-0.81837990	-0.81837990	-0.81837990	-0.81837990	-0.81837990	-0.81837990	-0.81837990	-0.81837990	-0.81837990	-0.81837990	-0.81837990	-0.81837990	-0.81837990	-0.81837990	-0.81837990	-0.81837990	-0.81837990
Florida	0.66703353	0.66703353	0.66703353	0.66703353	0.66703353	0.66703353	0.66703353	0.66703353	0.66703353	0.66703353	0.66703353	0.66703353	0.66703353	0.66703353	0.66703353	0.66703353	0.66703353	0.66703353	0.66703353	0.66703353	0.66703353	0.66703353	0.66703353	0.66703353	0.66703353	0.66703353	0.66703353	0.66703353	0.66703353	0.66703353	0.66703353	0.66703353	0.66703353
Georgia	0.66703353	0.66703353	0.66703353	0.66703353	0.66703353	0.66703353	0.66703353	0.66703353	0.66703353	0.66703353	0.66703353	0.66703353	0.66703353	0.66703353	0.66703353	0.66703353	0.66703353	0.66703353	0.66703353	0.66703353	0.66703353	0.66703353	0.66703353	0.66703353	0.66703353	0.66703353	0.66703353	0.66703353	0.66703353	0.66703353	0.66703353	0.66703353	0.66703353
Germany	0.66703353	0.66703353	0.66703353	0.66703353	0.66703353	0.66703353	0.66703353	0.66703353	0.66703353	0.66703353	0.66703353	0.66703353	0.66703353	0.66703353	0.66703353	0.66703353	0.66703353	0.66703353	0.66703353	0.66703353	0.66703353	0.66703353	0.66703353	0.66703353	0.66703353	0.66703353	0.66703353	0.66703353	0.66703353	0.66703353	0.66703353	0.66703353	0.66703353
Hawaii	-2.91195254	-2.91195254	-2.91195254	-2.91195254	-2.91195254	-2.91195254	-2.91195254	-2.91195254	-2.91195254	-2.91195254	-2.91195254	-2.91195254	-2.91195254	-2.91195254	-2.91195254	-2.91195254	-2.91195254	-2.91195254	-2.91195254	-2.91195254	-2.91195254	-2.91195254	-2.91195254	-2.91195254	-2.91195254	-2.91195254	-2.91195254	-2.91195254	-2.91195254	-2.91195254	-2.91195254	-2.91195254	-2.91195254
India	-0.81837990	-0.81837990	-0.81837990	-0.81837990	-0.81837990	-0.81837990	-0.81837990	-0.81837990	-0.81837990	-0.81837990	-0.81837990	-0.81837990	-0.81837990	-0.81837990	-0.81837990	-0.81837990	-0.81837990	-0.81837990	-0.81837990	-0.81837990	-0.81837990	-0.81837990	-0.81837990	-0.81837990	-0.81837990	-0.81837990	-0.81837990	-0.81837990	-0.81837990	-0.81837990	-0.81837990	-0.81837990	-0.81837990
Iowa	0.66703353	0.66703353	0.66703353	0.66703353	0.66703353	0.66703353	0.66703353	0.66703353	0.66703353	0.66703353	0.66703353	0.66703353	0.66703353	0.66703353	0.66703353	0.66703353	0.66703353	0.66703353	0.66703353	0.66703353	0.66703353	0.66703353	0.66703353	0.66703353	0.66703353	0.66703353	0.66703353	0.66703353	0.66703353	0.66703353	0.66703353	0.66703353	0.66703353
Louisiana	0.66703353	0.66703353	0.66703353	0.66703353	0.66703353	0.66703353	0.66703353	0.66703353	0.66703353	0.66703353	0.66703353	0.66703353	0.66703353	0.66703353	0.66703353	0.66703353	0.66703353	0.66703353	0.66703353	0.66703353	0.66703353	0.66703353	0.66703353	0.66703353	0.66703353	0.66703353	0.66703353	0.66703353	0.66703353	0.66703353	0.66703353	0.66703353	0.66703353
Maryland	-0.81837990	-0.81837990	-0.81837990	-0.81837990	-0.81837990	-0.81837990	-0.81837990	-0.81837990	-0.81837990	-0.81837990	-0.81837990	-0.81837990	-0.81837990	-0.81837990	-0.81837990	-0.81837990	-0.81837990	-0.81837990	-0.81837990	-0.81837990	-0.81837990	-0.81837990	-0.81837990	-0.81837990	-0.81837990	-0.81837990	-0.81837990	-0.81837990	-0.81837990	-0.81837990	-0.81837990	-0.81837990	-0.81837990
Massachusetts	0.66703353	0.66703353	0.66703353	0.66703353	0.66703353	0.66703353	0.66703353	0.66703353	0.66703353	0.66703353	0.66703353	0.66703353	0.66703353	0.66703353	0.66703353	0.66703353	0.66703353	0.66703353	0.66703353	0.66703353	0.66703353	0.66703353	0.66703353	0.66703353	0.66703353	0.66703353	0.66703353	0.66703353	0.66703353	0.66703353	0.66703353	0.66703353	0.66703353
Mexico	-0.81837990	-0.81837990	-0.81837990	-0.81837990	-0.81837990	-0.81837990	-0.81837990	-0.81837990	-0.81837990	-0.81837990	-0.81837990	-0.81837990	-0.81837990	-0.81837990	-0.81837990	-0.81837990	-0.81837990	-0.81837990	-0.81837990	-0.81837990	-0.81837990	-0.81837990	-0.81837990	-0.81837990	-0.81837990	-0.81837990	-0.81837990	-0.81837990	-0.81837990	-0.81837990	-0.81837990	-0.81837990	-0.81837990
Mississippi	0.66703353	0.66703353	0.66703353	0.66703353	0.66703353	0.66703353	0.66703353	0.66703353	0.66703353	0.66703353	0.66703353	0.66703353	0.66703353	0.66703353	0.66703353	0.66703353	0.66703353	0.66703353	0.66703353	0.66703353	0.66703353	0.66703353	0.66703353	0.66703353	0.66703353	0.66703353	0.66703353	0.66703353	0.66703353	0.66703353	0.66703353	0.66703353	0.66703353
Missouri	0.66703353	0.66703353	0.66703353	0.66703353	0.66703353	0.66703353	0.66703353	0.66703353	0.66703353	0.66703353	0.66703353	0.66703353	0.66703353	0.66703353	0.66703353	0.66703353	0.66703353	0.66703353	0.66703353	0.66703353	0.66703353	0.66703353	0.66703353	0.66703353	0.66703353	0.66703353	0.66703353	0.66703353	0.66703353	0.66703353	0.66703353	0.66703353	0.66703353
Montana	-0.81837990	-0.81837990	-0.81837990	-0.81837990	-0.81837990	-0.81837990	-0.81837990	-0.81837990	-0.81837990	-0.81837990	-0.81837990	-0.81837990	-0.81837990	-0.81837990	-0.81837990	-0.81837990	-0.81837990	-0.81837990	-0.81837990	-0.81837990	-0.81837990	-0.81837990	-0.81837990	-0.81837990	-0.81837990	-0.81837990	-0.81837990	-0.81837990	-0.81837990	-0.81837990	-0.81837990	-0.81837990	-0.81837990
New_Mexico	0.66703353	0.66703353	0.66703353	0.66703353	0.66703353	0.66703353	0.66703353	0.66703353	0.66703353	0.66703353	0.66703353	0.66703353	0.66703353	0.66703353	0.66703353	0.66703353	0.66703353	0.66703353	0.66703353	0.66703353	0.66703353	0.66703353	0.66703353	0.66703353	0.66703353	0.66703353	0.66703353	0.66703353	0.66703353	0.66703353	0.66703353	0.66703353	0.66703353
Nigeria	0.66703353	0.66703353	0.66703353	0.66703353	0.66703353	0.66703353	0.66703353	0.66703353	0.66703353	0.66703353	0.66703353	0.66703353	0.66703353	0.66703353	0.66703353	0.66703353	0.66703353	0.66703353	0.66703353	0.66703353	0.66703353	0.66703353	0.66703353	0.66703353	0.66703353	0.66703353	0.66703353	0.66703353	0.66703353	0.66703353	0.66703353	0.66703353	0.66703353
North_Carolina	0.66703353	0.66703353	0.66703353	0.66703353	0.66703353	0.66703353	0.66703353	0.66703353	0.66703353	0.66703353	0.66703353	0.66703353	0.66703353	0.66703353	0.66703353	0.66703353	0.66703353	0.66703353	0.66703353	0.66703353	0.66703353	0.66703353	0.66703353	0.66703353	0.66703353	0.66703353	0.66703353	0.66703353	0.66703353	0.66703353	0.66703353	0.66703353	0.66703353
Ohio	0.66703353	0.66703353	0.66703353	0.66703353	0.66703353	0.66703353	0.66703353	0.66703353	0.66703353	0.66703353	0.66703353	0.66703353	0.66703353	0.66703353	0.66703353	0.66703353	0.66703353	0.66703353	0.66703353	0.66703353	0.66703353	0.66703353	0.66703353	0.66703353	0.66703353	0.66703353	0.66703353	0.66703353	0.66703353	0.66703353	0.66703353	0.66703353	0.66703353
Oklahoma	0.66703353	0.66703353	0.66703353	0.66703353	0.66703353	0.66703353	0.66703353	0.66703353	0.66703353	0.66703353	0.66703353	0.66703353	0.66703353	0.66703353	0.66703353	0.66703353	0.66703353	0.66703353	0.66703353	0.66703353	0.66703353	0.66703353	0.66703353	0.66703353	0.66703353	0.66703353	0.66703353	0.66703353	0.66703353	0.66703353	0.66703353	0.66703353	0.66703353
Peru	-0.81837990	-0.81837990	-0.81837990	-0.81837990	-0.81837990	-0.81837990	-0.81837990	-0.81837990	-0.81837990	-0.81837990	-0.81837990	-0.81837990	-0.81837990	-0.81837990	-0.81837990	-0.81837990	-0.81837990	-0.81837990	-0.81837990	-0.81837990	-0.81837990	-0.81837990	-0.81837990	-0.81837990	-0.81837990	-0.81837990	-0.81837990	-0.81837990	-0.81837990	-0.81837990	-0.81837990	-0.81837990	-0.81837990
Philippines	-0.81837990	-0.81837990	-0.81837990	-0.81837990	-0.81837990	-0.81837990	-0.81837990	-0.81837990	-0.81837990	-0.81837990	-0.81837990	-0.81837990	-0.81837990	-0.81837990	-0.81837990	-0.81837990	-0.81837990	-0.81837990	-0.81837990	-0.81837990	-0.81837990	-0.81837990	-0.81837990	-0.81837990	-0.81837990	-0.81837990	-0.81837990	-0.81837990	-0.81837990	-0.81837990	-0.81837990	-0.81837990	-0.81837990
South_Carolina	0.66703353	0.66703353	0.66703353	0.66703353	0.66703353	0.66703353	0.66703353	0.66703353	0.66703353	0.66703353	0.66703353	0.66703353	0.66703353	0.66703353	0.66703353	0.66703353	0.66703353	0.66703353	0.66703353	0.66703353	0.66703353	0.66703353	0.66703353	0.66703353	0.66703353	0.66703353	0.66703353	0.66703353	0.66703353	0.66703353	0.66703353	0.66703353	0.66703353
Tennessee	0.66703353	0.66703353	0.66703353	0.66703353	0.66703353	0.66703353	0.66703353	0.66703353	0.66703353	0.66703353	0.66703353	0.66703353	0.66703353	0.66703353	0.66703353	0.66703353	0.66703353	0.66703353	0.66703353	0.66703353	0.66703353	0.66703353	0.66703353	0.66703353	0.66703353	0.66703353	0.66703353	0.66703353	0.66703353	0.66703353	0.66703353	0.66703353	0.66703353
Texas	-0.81837990	-0.81837990	-0.81837990	-0.81837990	-0.81837990	-0.81837990	-0.81837990	-0.81837990	-0.81837990	-0.81837990	-0.81837990	-0.81837990	-0.81837990	-0.81837990	-0.81837990	-0.81837990	-0.81837990	-0.81837990	-0.81837990	-0.81837990	-0.81837990	-0.81837990	-0.81837990	-0.81837990	-0.81837990	-0.81837990	-0.81837990	-0.81837990	-0.81837990	-0.81837990	-0.81837990	-0.81837990	-0.81837990
Utah	0.66703353	0.66703353	0.66703353	0.66703353	0.66703353	0.66703353	0.66703353	0.66703353	0.66703353	0.66703353	0.66703353	0.66703353	0.66703353	0.66703353	0.66703353	0.66703353	0.66703353	0.66703353	0.66703353	0.66703353	0.66703353	0.66703353	0.66703353	0.66703353	0.66703353	0.66703353	0.66703353	0.66703353	0.66703353	0.66703353	0.66703353	0.66703353	0.66703353
West_Virginia	-2.91195254	-2.91195254	-2.91195254	-2.91195254	-2.91195254	-2.91195254	-2.91195254	-2.91195254	-2.91195254	-2.91195254	-2.91195254	-2.91195254	-2.91195254	-2.91195254	-2.91195254	-2.91195254	-2.91195254	-2.91195254	-2.91195254	-2.91195254	-2.91195254	-2.91195254	-2.91195254	-2.91195254	-2.91195254	-2.91195254	-2.91195254	-2.91195254	-2.91195254	-2.91195254	-2.91195254	-2.91195254	-2.91195254
Yemen	-0.81837990	-0.81837990	-0.81837990	-0.81837990	-0.81837990	-0.81837990	-0.81837990	-0.81837990	-0.81837990	-0.81837990	-0.81837990	-0.81837990	-0.81837990	-0.81837990	-0.81837990	-0.81837990	-0.81837990	-0.81837990	-0.81837990	-0.81837990	-0.81837990	-0.81837990	-0.81837990	-0.81837990	-0.81837990	-0.81837990	-0.81837990	-0.81837990	-0.81837990	-0.81837990	-0.81837990	-0.81837990	-0.81837990
