	Alaska	Arkansas	Bangladesh	Brazil	California	Colorado	Connecticut	Florida	Georgia	Germany	Hawaii	India	Iowa	Louisiana	Maryland	Massachusetts	Mexico	Mississippi	Missouri	Montana	New_Mexico	Nigeria	North_Carolina	Ohio	Oklahoma	Peru	Philippines	South_Carolina	Tennessee	Texas	Utah	West_Virginia	Yemen
Alaska	-1.65918886	-1.65918886	-1.65918886	-1.65918886	-1.65918886	-1.65918886	-1.65918886	-1.65918886	-1.65918886	-1.65918886	-1.65918886	-1.65918886	-1.65918886	-1.65918886	-1.65918886	-1.65918886	-1.65918886	-1.65918886	-1.65918886	-1.65918886	-1.65918886	-1.65918886	-1.65918886	-1.65918886	-1.65918886	-1.65918886	-1.65918886	-1.65918886	-1.65918886	-1.65918886	-1.65918886	-1.65918886	-1.65918886
Arkansas	0.01420601	0.01420601	0.01420601	0.01420601	0.01420601	0.01420601	0.01420601	0.01420601	0.01420601	0.01420601	0.01420601	0.01420601	0.01420601	0.01420601	0.01420601	0.01420601	0.01420601	0.01420601	0.01420601	0.01420601	0.01420601	0.01420601	0.01420601	0.01420601	0.01420601	0.01420601	0.01420601	0.01420601	0.01420601	0.01420601	0.01420601	0.01420601	0.01420601
Bangladesh	1.44778027	1.44778027	1.44778027	1.44778027	1.44778027	1.44778027	1.44778027	1.44778027	1.44778027	1.44778027	1.44778027	1.44778027	1.44778027	1.44778027	1.44778027	1.44778027	1.44778027	1.44778027	1.44778027	1.44778027	1.44778027	1.44778027	1.44778027	1.44778027	1.44778027	1.44778027	1.44778027	1.44778027	1.44778027	1.44778027	1.44778027	1.44778027	1.44778027
Brazil	1.43207183	1.43207183	1.43207183	1.43207183	1.43207183	1.43207183	1.43207183	1.43207183	1.43207183	1.43207183	1.43207183	1.43207183	1.43207183	1.43207183	1.43207183	1.43207183	1.43207183	1.43207183	1.43207183	1.43207183	1.43207183	1.43207183	1.43207183	1.43207183	1.43207183	1.43207183	1.43207183	1.43207183	1.43207183	1.43207183	1.43207183	1.43207183	1.43207183
California	-0.16189313	-0.16189313	-0.16189313	-0.16189313	-0.16189313	-0.16189313	-0.16189313	-0.16189313	-0.16189313	-0.16189313	-0.16189313	-0.16189313	-0.16189313	-0.16189313	-0.16189313	-0.16189313	-0.16189313	-0.16189313	-0.16189313	-0.16189313	-0.16189313	-0.16189313	-0.16189313	-0.16189313	-0.16189313	-0.16189313	-0.16189313	-0.16189313	-0.16189313	-0.16189313	-0.16189313	-0.16189313	-0.16189313
Colorado	-0.68177592	-0.68177592	-0.68177592	-0.68177592	-0.68177592	-0.68177592	-0.68177592	-0.68177592	-0.68177592	-0.68177592	-0.68177592	-0.68177592	-0.68177592	-0.68177592	-0.68177592	-0.68177592	-0.68177592	-0.68177592	-0.68177592	-0.68177592	-0.68177592	-0.68177592	-0.68177592	-0.68177592	-0.68177592	-0.68177592	-0.68177592	-0.68177592	-0.68177592	-0.68177592	-0.68177592	-0.68177592	-0.68177592
Connecticut	-1.11425384	-1.11425384	-1.11425384	-1.11425384	-1.11425384	-1.11425384	-1.11425384	-1.11425384	-1.11425384	-1.11425384	-1.11425384	-1.11425384	-1.11425384	-1.11425384	-1.11425384	-1.11425384	-1.11425384	-1.11425384	-1.11425384	-1.11425384	-1.11425384	-1.11425384	-1.11425384	-1.11425384	-1.11425384	-1.11425384	-1.11425384	-1.11425384	-1.11425384	-1.11425384	-1.11425384	-1.11425384	-1.11425384
Florida	-0.11475778	-0.11475778	-0.11475778	-0.11475778	-0.11475778	-0.11475778	-0.11475778	-0.11475778	-0.11475778	-0.11475778	-0.11475778	-0.11475778	-0.11475778	-0.11475778	-0.11475778	-0.11475778	-0.11475778	-0.11475778	-0.11475778	-0.11475778	-0.11475778	-0.11475778	-0.11475778	-0.11475778	-0.11475778	-0.11475778	-0.11475778	-0.11475778	-0.11475778	-0.11475778	-0.11475778	-0.11475778	-0.11475778
Georgia	0.36214396	0.36214396	0.36214396	0.36214396	0.36214396	0.36214396	0.36214396	0.36214396	0.36214396	0.36214396	0.36214396	0.36214396	0.36214396	0.36214396	0.36214396	0.36214396	0.36214396	0.36214396	0.36214396	0.36214396	0.36214396	0.36214396	0.36214396	0.36214396	0.36214396	0.36214396	0.36214396	0.36214396	0.36214396	0.36214396	0.36214396	0.36214396	0.36214396
Germany	0.87473565	0.87473565	0.87473565	0.87473565	0.87473565	0.87473565	0.87473565	0.87473565	0.87473565	0.87473565	0.87473565	0.87473565	0.87473565	0.87473565	0.87473565	0.87473565	0.87473565	0.87473565	0.87473565	0.87473565	0.87473565	0.87473565	0.87473565	0.87473565	0.87473565	0.87473565	0.87473565	0.87473565	0.87473565	0.87473565	0.87473565	0.87473565	0.87473565
Hawaii	-1.16194149	-1.16194149	-1.16194149	-1.16194149	-1.16194149	-1.16194149	-1.16194149	-1.16194149	-1.16194149	-1.16194149	-1.16194149	-1.16194149	-1.16194149	-1.16194149	-1.16194149	-1.16194149	-1.16194149	-1.16194149	-1.16194149	-1.16194149	-1.16194149	-1.16194149	-1.16194149	-1.16194149	-1.16194149	-1.16194149	-1.16194149	-1.16194149	-1.16194149	-1.16194149	-1.16194149	-1.16194149	-1.16194149
India	2.81156203	2.81156203	2.81156203	2.81156203	2.81156203	2.81156203	2.81156203	2.81156203	2.81156203	2.81156203	2.81156203	2.81156203	2.81156203	2.81156203	2.81156203	2.81156203	2.81156203	2.81156203	2.81156203	2.81156203	2.81156203	2.81156203	2.81156203	2.81156203	2.81156203	2.81156203	2.81156203	2.81156203	2.81156203	2.81156203	2.81156203	2.81156203	2.81156203
Iowa	-0.45406417	-0.45406417	-0.45406417	-0.45406417	-0.45406417	-0.45406417	-0.45406417	-0.45406417	-0.45406417	-0.45406417	-0.45406417	-0.45406417	-0.45406417	-0.45406417	-0.45406417	-0.45406417	-0.45406417	-0.45406417	-0.45406417	-0.45406417	-0.45406417	-0.45406417	-0.45406417	-0.45406417	-0.45406417	-0.45406417	-0.45406417	-0.45406417	-0.45406417	-0.45406417	-0.45406417	-0.45406417	-0.45406417
Louisiana	-0.53448517	-0.53448517	-0.53448517	-0.53448517	-0.53448517	-0.53448517	-0.53448517	-0.53448517	-0.53448517	-0.53448517	-0.53448517	-0.53448517	-0.53448517	-0.53448517	-0.53448517	-0.53448517	-0.53448517	-0.53448517	-0.53448517	-0.53448517	-0.53448517	-0.53448517	-0.53448517	-0.53448517	-0.53448517	-0.53448517	-0.53448517	-0.53448517	-0.53448517	-0.53448517	-0.53448517	-0.53448517	-0.53448517
Maryland	-0.31862262	-0.31862262	-0.31862262	-0.31862262	-0.31862262	-0.31862262	-0.31862262	-0.31862262	-0.31862262	-0.31862262	-0.31862262	-0.31862262	-0.31862262	-0.31862262	-0.31862262	-0.31862262	-0.31862262	-0.31862262	-0.31862262	-0.31862262	-0.31862262	-0.31862262	-0.31862262	-0.31862262	-0.31862262	-0.31862262	-0.31862262	-0.31862262	-0.31862262	-0.31862262	-0.31862262	-0.31862262	-0.31862262
Massachusetts	-0.73726746	-0.73726746	-0.73726746	-0.73726746	-0.73726746	-0.73726746	-0.73726746	-0.73726746	-0.73726746	-0.73726746	-0.73726746	-0.73726746	-0.73726746	-0.73726746	-0.73726746	-0.73726746	-0.73726746	-0.73726746	-0.73726746	-0.73726746	-0.73726746	-0.73726746	-0.73726746	-0.73726746	-0.73726746	-0.73726746	-0.73726746	-0.73726746	-0.73726746	-0.73726746	-0.73726746	-0.73726746	-0.73726746
Mexico	1.30289470	1.30289470	1.30289470	1.30289470	1.30289470	1.30289470	1.30289470	1.30289470	1.30289470	1.30289470	1.30289470	1.30289470	1.30289470	1.30289470	1.30289470	1.30289470	1.30289470	1.30289470	1.30289470	1.30289470	1.30289470	1.30289470	1.30289470	1.30289470	1.30289470	1.30289470	1.30289470	1.30289470	1.30289470	1.30289470	1.30289470	1.30289470	1.30289470
Mississippi	-0.27406726	-0.27406726	-0.27406726	-0.27406726	-0.27406726	-0.27406726	-0.27406726	-0.27406726	-0.27406726	-0.27406726	-0.27406726	-0.27406726	-0.27406726	-0.27406726	-0.27406726	-0.27406726	-0.27406726	-0.27406726	-0.27406726	-0.27406726	-0.27406726	-0.27406726	-0.27406726	-0.27406726	-0.27406726	-0.27406726	-0.27406726	-0.27406726	-0.27406726	-0.27406726	-0.27406726	-0.27406726	-0.27406726
Missouri	-0.28843717	-0.28843717	-0.28843717	-0.28843717	-0.28843717	-0.28843717	-0.28843717	-0.28843717	-0.28843717	-0.28843717	-0.28843717	-0.28843717	-0.28843717	-0.28843717	-0.28843717	-0.28843717	-0.28843717	-0.28843717	-0.28843717	-0.28843717	-0.28843717	-0.28843717	-0.28843717	-0.28843717	-0.28843717	-0.28843717	-0.28843717	-0.28843717	-0.28843717	-0.28843717	-0.28843717	-0.28843717	-0.28843717
Montana	-1.42798200	-1.42798200	-1.42798200	-1.42798200	-1.42798200	-1.42798200	-1.42798200	-1.42798200	-1.42798200	-1.42798200	-1.42798200	-1.42798200	-1.42798200	-1.42798200	-1.42798200	-1.42798200	-1.42798200	-1.42798200	-1.42798200	-1.42798200	-1.42798200	-1.42798200	-1.42798200	-1.42798200	-1.42798200	-1.42798200	-1.42798200	-1.42798200	-1.42798200	-1.42798200	-1.42798200	-1.42798200	-1.42798200
New_Mexico	-1.21525175	-1.21525175	-1.21525175	-1.21525175	-1.21525175	-1.21525175	-1.21525175	-1.21525175	-1.21525175	-1.21525175	-1.21525175	-1.21525175	-1.21525175	-1.21525175	-1.21525175	-1.21525175	-1.21525175	-1.21525175	-1.21525175	-1.21525175	-1.21525175	-1.21525175	-1.21525175	-1.21525175	-1.21525175	-1.21525175	-1.21525175	-1.21525175	-1.21525175	-1.21525175	-1.21525175	-1.21525175	-1.21525175
Nigeria	1.50135302	1.50135302	1.50135302	1.50135302	1.50135302	1.50135302	1.50135302	1.50135302	1.50135302	1.50135302	1.50135302	1.50135302	1.50135302	1.50135302	1.50135302	1.50135302	1.50135302	1.50135302	1.50135302	1.50135302	1.50135302	1.50135302	1.50135302	1.50135302	1.50135302	1.50135302	1.50135302	1.50135302	1.50135302	1.50135302	1.50135302	1.50135302	1.50135302
North_Carolina	0.15732133	0.15732133	0.15732133	0.15732133	0.15732133	0.15732133	0.15732133	0.15732133	0.15732133	0.15732133	0.15732133	0.15732133	0.15732133	0.15732133	0.15732133	0.15732133	0.15732133	0.15732133	0.15732133	0.15732133	0.15732133	0.15732133	0.15732133	0.15732133	0.15732133	0.15732133	0.15732133	0.15732133	0.15732133	0.15732133	0.15732133	0.15732133	0.15732133
Ohio	-0.29579691	-0.29579691	-0.29579691	-0.29579691	-0.29579691	-0.29579691	-0.29579691	-0.29579691	-0.29579691	-0.29579691	-0.29579691	-0.29579691	-0.29579691	-0.29579691	-0.29579691	-0.29579691	-0.29579691	-0.29579691	-0.29579691	-0.29579691	-0.29579691	-0.29579691	-0.29579691	-0.29579691	-0.29579691	-0.29579691	-0.29579691	-0.29579691	-0.29579691	-0.29579691	-0.29579691	-0.29579691	-0.29579691
Oklahoma	-0.39494363	-0.39494363	-0.39494363	-0.39494363	-0.39494363	-0.39494363	-0.39494363	-0.39494363	-0.39494363	-0.39494363	-0.39494363	-0.39494363	-0.39494363	-0.39494363	-0.39494363	-0.39494363	-0.39494363	-0.39494363	-0.39494363	-0.39494363	-0.39494363	-0.39494363	-0.39494363	-0.39494363	-0.39494363	-0.39494363	-0.39494363	-0.39494363	-0.39494363	-0.39494363	-0.39494363	-0.39494363	-0.39494363
Peru	0.80477858	0.80477858	0.80477858	0.80477858	0.80477858	0.80477858	0.80477858	0.80477858	0.80477858	0.80477858	0.80477858	0.80477858	0.80477858	0.80477858	0.80477858	0.80477858	0.80477858	0.80477858	0.80477858	0.80477858	0.80477858	0.80477858	0.80477858	0.80477858	0.80477858	0.80477858	0.80477858	0.80477858	0.80477858	0.80477858	0.80477858	0.80477858	0.80477858
Philippines	1.39362244	1.39362244	1.39362244	1.39362244	1.39362244	1.39362244	1.39362244	1.39362244	1.39362244	1.39362244	1.39362244	1.39362244	1.39362244	1.39362244	1.39362244	1.39362244	1.39362244	1.39362244	1.39362244	1.39362244	1.39362244	1.39362244	1.39362244	1.39362244	1.39362244	1.39362244	1.39362244	1.39362244	1.39362244	1.39362244	1.39362244	1.39362244	1.39362244
South_Carolina	-0.35096596	-0.35096596	-0.35096596	-0.35096596	-0.35096596	-0.35096596	-0.35096596	-0.35096596	-0.35096596	-0.35096596	-0.35096596	-0.35096596	-0.35096596	-0.35096596	-0.35096596	-0.35096596	-0.35096596	-0.35096596	-0.35096596	-0.35096596	-0.35096596	-0.35096596	-0.35096596	-0.35096596	-0.35096596	-0.35096596	-0.35096596	-0.35096596	-0.35096596	-0.35096596	-0.35096596	-0.35096596	-0.35096596
Tennessee	-0.08585771	-0.08585771	-0.08585771	-0.08585771	-0.08585771	-0.08585771	-0.08585771	-0.08585771	-0.08585771	-0.08585771	-0.08585771	-0.08585771	-0.08585771	-0.08585771	-0.08585771	-0.08585771	-0.08585771	-0.08585771	-0.08585771	-0.08585771	-0.08585771	-0.08585771	-0.08585771	-0.08585771	-0.08585771	-0.08585771	-0.08585771	-0.08585771	-0.08585771	-0.08585771	-0.08585771	-0.08585771	-0.08585771
Texas	0.41294237	0.41294237	0.41294237	0.41294237	0.41294237	0.41294237	0.41294237	0.41294237	0.41294237	0.41294237	0.41294237	0.41294237	0.41294237	0.41294237	0.41294237	0.41294237	0.41294237	0.41294237	0.41294237	0.41294237	0.41294237	0.41294237	0.41294237	0.41294237	0.41294237	0.41294237	0.41294237	0.41294237	0.41294237	0.41294237	0.41294237	0.41294237	0.41294237
Utah	-1.21525175	-1.21525175	-1.21525175	-1.21525175	-1.21525175	-1.21525175	-1.21525175	-1.21525175	-1.21525175	-1.21525175	-1.21525175	-1.21525175	-1.21525175	-1.21525175	-1.21525175	-1.21525175	-1.21525175	-1.21525175	-1.21525175	-1.21525175	-1.21525175	-1.21525175	-1.21525175	-1.21525175	-1.21525175	-1.21525175	-1.21525175	-1.21525175	-1.21525175	-1.21525175	-1.21525175	-1.21525175	-1.21525175
West_Virginia	-0.64823361	-0.64823361	-0.64823361	-0.64823361	-0.64823361	-0.64823361	-0.64823361	-0.64823361	-0.64823361	-0.64823361	-0.64823361	-0.64823361	-0.64823361	-0.64823361	-0.64823361	-0.64823361	-0.64823361	-0.64823361	-0.64823361	-0.64823361	-0.64823361	-0.64823361	-0.64823361	-0.64823361	-0.64823361	-0.64823361	-0.64823361	-0.64823361	-0.64823361	-0.64823361	-0.64823361	-0.64823361	-0.64823361
Yemen	0.61962598	0.61962598	0.61962598	0.61962598	0.61962598	0.61962598	0.61962598	0.61962598	0.61962598	0.61962598	0.61962598	0.61962598	0.61962598	0.61962598	0.61962598	0.61962598	0.61962598	0.61962598	0.61962598	0.61962598	0.61962598	0.61962598	0.61962598	0.61962598	0.61962598	0.61962598	0.61962598	0.61962598	0.61962598	0.61962598	0.61962598	0.61962598	0.61962598
