	Alaska	Arkansas	Bangladesh	Brazil	California	Colorado	Connecticut	Florida	Georgia	Germany	Hawaii	India	Iowa	Louisiana	Maryland	Massachusetts	Mexico	Mississippi	Missouri	Montana	New_Mexico	Nigeria	North_Carolina	Ohio	Oklahoma	Peru	Philippines	South_Carolina	Tennessee	Texas	Utah	West_Virginia	Yemen
Alaska	-1.48582322	-1.48582322	-1.48582322	-1.48582322	-1.48582322	-1.48582322	-1.48582322	-1.48582322	-1.48582322	-1.48582322	-1.48582322	-1.48582322	-1.48582322	-1.48582322	-1.48582322	-1.48582322	-1.48582322	-1.48582322	-1.48582322	-1.48582322	-1.48582322	-1.48582322	-1.48582322	-1.48582322	-1.48582322	-1.48582322	-1.48582322	-1.48582322	-1.48582322	-1.48582322	-1.48582322	-1.48582322	-1.48582322
Arkansas	-0.69499265	-0.69499265	-0.69499265	-0.69499265	-0.69499265	-0.69499265	-0.69499265	-0.69499265	-0.69499265	-0.69499265	-0.69499265	-0.69499265	-0.69499265	-0.69499265	-0.69499265	-0.69499265	-0.69499265	-0.69499265	-0.69499265	-0.69499265	-0.69499265	-0.69499265	-0.69499265	-0.69499265	-0.69499265	-0.69499265	-0.69499265	-0.69499265	-0.69499265	-0.69499265	-0.69499265	-0.69499265	-0.69499265
Bangladesh	-0.01134721	-0.01134721	-0.01134721	-0.01134721	-0.01134721	-0.01134721	-0.01134721	-0.01134721	-0.01134721	-0.01134721	-0.01134721	-0.01134721	-0.01134721	-0.01134721	-0.01134721	-0.01134721	-0.01134721	-0.01134721	-0.01134721	-0.01134721	-0.01134721	-0.01134721	-0.01134721	-0.01134721	-0.01134721	-0.01134721	-0.01134721	-0.01134721	-0.01134721	-0.01134721	-0.01134721	-0.01134721	-0.01134721
Brazil	1.23866572	1.23866572	1.23866572	1.23866572	1.23866572	1.23866572	1.23866572	1.23866572	1.23866572	1.23866572	1.23866572	1.23866572	1.23866572	1.23866572	1.23866572	1.23866572	1.23866572	1.23866572	1.23866572	1.23866572	1.23866572	1.23866572	1.23866572	1.23866572	1.23866572	1.23866572	1.23866572	1.23866572	1.23866572	1.23866572	1.23866572	1.23866572	1.23866572
California	1.74802504	1.74802504	1.74802504	1.74802504	1.74802504	1.74802504	1.74802504	1.74802504	1.74802504	1.74802504	1.74802504	1.74802504	1.74802504	1.74802504	1.74802504	1.74802504	1.74802504	1.74802504	1.74802504	1.74802504	1.74802504	1.74802504	1.74802504	1.74802504	1.74802504	1.74802504	1.74802504	1.74802504	1.74802504	1.74802504	1.74802504	1.74802504	1.74802504
Colorado	0.15820472	0.15820472	0.15820472	0.15820472	0.15820472	0.15820472	0.15820472	0.15820472	0.15820472	0.15820472	0.15820472	0.15820472	0.15820472	0.15820472	0.15820472	0.15820472	0.15820472	0.15820472	0.15820472	0.15820472	0.15820472	0.15820472	0.15820472	0.15820472	0.15820472	0.15820472	0.15820472	0.15820472	0.15820472	0.15820472	0.15820472	0.15820472	0.15820472
Connecticut	-0.17054434	-0.17054434	-0.17054434	-0.17054434	-0.17054434	-0.17054434	-0.17054434	-0.17054434	-0.17054434	-0.17054434	-0.17054434	-0.17054434	-0.17054434	-0.17054434	-0.17054434	-0.17054434	-0.17054434	-0.17054434	-0.17054434	-0.17054434	-0.17054434	-0.17054434	-0.17054434	-0.17054434	-0.17054434	-0.17054434	-0.17054434	-0.17054434	-0.17054434	-0.17054434	-0.17054434	-0.17054434	-0.17054434
Florida	1.05273302	1.05273302	1.05273302	1.05273302	1.05273302	1.05273302	1.05273302	1.05273302	1.05273302	1.05273302	1.05273302	1.05273302	1.05273302	1.05273302	1.05273302	1.05273302	1.05273302	1.05273302	1.05273302	1.05273302	1.05273302	1.05273302	1.05273302	1.05273302	1.05273302	1.05273302	1.05273302	1.05273302	1.05273302	1.05273302	1.05273302	1.05273302	1.05273302
Georgia	0.51891377	0.51891377	0.51891377	0.51891377	0.51891377	0.51891377	0.51891377	0.51891377	0.51891377	0.51891377	0.51891377	0.51891377	0.51891377	0.51891377	0.51891377	0.51891377	0.51891377	0.51891377	0.51891377	0.51891377	0.51891377	0.51891377	0.51891377	0.51891377	0.51891377	0.51891377	0.51891377	0.51891377	0.51891377	0.51891377	0.51891377	0.51891377	0.51891377
Germany	1.90191095	1.90191095	1.90191095	1.90191095	1.90191095	1.90191095	1.90191095	1.90191095	1.90191095	1.90191095	1.90191095	1.90191095	1.90191095	1.90191095	1.90191095	1.90191095	1.90191095	1.90191095	1.90191095	1.90191095	1.90191095	1.90191095	1.90191095	1.90191095	1.90191095	1.90191095	1.90191095	1.90191095	1.90191095	1.90191095	1.90191095	1.90191095	1.90191095
Hawaii	-1.08563655	-1.08563655	-1.08563655	-1.08563655	-1.08563655	-1.08563655	-1.08563655	-1.08563655	-1.08563655	-1.08563655	-1.08563655	-1.08563655	-1.08563655	-1.08563655	-1.08563655	-1.08563655	-1.08563655	-1.08563655	-1.08563655	-1.08563655	-1.08563655	-1.08563655	-1.08563655	-1.08563655	-1.08563655	-1.08563655	-1.08563655	-1.08563655	-1.08563655	-1.08563655	-1.08563655	-1.08563655	-1.08563655
India	1.74706350	1.74706350	1.74706350	1.74706350	1.74706350	1.74706350	1.74706350	1.74706350	1.74706350	1.74706350	1.74706350	1.74706350	1.74706350	1.74706350	1.74706350	1.74706350	1.74706350	1.74706350	1.74706350	1.74706350	1.74706350	1.74706350	1.74706350	1.74706350	1.74706350	1.74706350	1.74706350	1.74706350	1.74706350	1.74706350	1.74706350	1.74706350	1.74706350
Iowa	-0.45443916	-0.45443916	-0.45443916	-0.45443916	-0.45443916	-0.45443916	-0.45443916	-0.45443916	-0.45443916	-0.45443916	-0.45443916	-0.45443916	-0.45443916	-0.45443916	-0.45443916	-0.45443916	-0.45443916	-0.45443916	-0.45443916	-0.45443916	-0.45443916	-0.45443916	-0.45443916	-0.45443916	-0.45443916	-0.45443916	-0.45443916	-0.45443916	-0.45443916	-0.45443916	-0.45443916	-0.45443916	-0.45443916
Louisiana	-0.26025130	-0.26025130	-0.26025130	-0.26025130	-0.26025130	-0.26025130	-0.26025130	-0.26025130	-0.26025130	-0.26025130	-0.26025130	-0.26025130	-0.26025130	-0.26025130	-0.26025130	-0.26025130	-0.26025130	-0.26025130	-0.26025130	-0.26025130	-0.26025130	-0.26025130	-0.26025130	-0.26025130	-0.26025130	-0.26025130	-0.26025130	-0.26025130	-0.26025130	-0.26025130	-0.26025130	-0.26025130	-0.26025130
Maryland	0.14245381	0.14245381	0.14245381	0.14245381	0.14245381	0.14245381	0.14245381	0.14245381	0.14245381	0.14245381	0.14245381	0.14245381	0.14245381	0.14245381	0.14245381	0.14245381	0.14245381	0.14245381	0.14245381	0.14245381	0.14245381	0.14245381	0.14245381	0.14245381	0.14245381	0.14245381	0.14245381	0.14245381	0.14245381	0.14245381	0.14245381	0.14245381	0.14245381
Massachusetts	0.42924495	0.42924495	0.42924495	0.42924495	0.42924495	0.42924495	0.42924495	0.42924495	0.42924495	0.42924495	0.42924495	0.42924495	0.42924495	0.42924495	0.42924495	0.42924495	0.42924495	0.42924495	0.42924495	0.42924495	0.42924495	0.42924495	0.42924495	0.42924495	0.42924495	0.42924495	0.42924495	0.42924495	0.42924495	0.42924495	0.42924495	0.42924495	0.42924495
Mexico	1.08395339	1.08395339	1.08395339	1.08395339	1.08395339	1.08395339	1.08395339	1.08395339	1.08395339	1.08395339	1.08395339	1.08395339	1.08395339	1.08395339	1.08395339	1.08395339	1.08395339	1.08395339	1.08395339	1.08395339	1.08395339	1.08395339	1.08395339	1.08395339	1.08395339	1.08395339	1.08395339	1.08395339	1.08395339	1.08395339	1.08395339	1.08395339	1.08395339
Mississippi	-0.83958610	-0.83958610	-0.83958610	-0.83958610	-0.83958610	-0.83958610	-0.83958610	-0.83958610	-0.83958610	-0.83958610	-0.83958610	-0.83958610	-0.83958610	-0.83958610	-0.83958610	-0.83958610	-0.83958610	-0.83958610	-0.83958610	-0.83958610	-0.83958610	-0.83958610	-0.83958610	-0.83958610	-0.83958610	-0.83958610	-0.83958610	-0.83958610	-0.83958610	-0.83958610	-0.83958610	-0.83958610	-0.83958610
Missouri	-0.00352102	-0.00352102	-0.00352102	-0.00352102	-0.00352102	-0.00352102	-0.00352102	-0.00352102	-0.00352102	-0.00352102	-0.00352102	-0.00352102	-0.00352102	-0.00352102	-0.00352102	-0.00352102	-0.00352102	-0.00352102	-0.00352102	-0.00352102	-0.00352102	-0.00352102	-0.00352102	-0.00352102	-0.00352102	-0.00352102	-0.00352102	-0.00352102	-0.00352102	-0.00352102	-0.00352102	-0.00352102	-0.00352102
Montana	-1.42128121	-1.42128121	-1.42128121	-1.42128121	-1.42128121	-1.42128121	-1.42128121	-1.42128121	-1.42128121	-1.42128121	-1.42128121	-1.42128121	-1.42128121	-1.42128121	-1.42128121	-1.42128121	-1.42128121	-1.42128121	-1.42128121	-1.42128121	-1.42128121	-1.42128121	-1.42128121	-1.42128121	-1.42128121	-1.42128121	-1.42128121	-1.42128121	-1.42128121	-1.42128121	-1.42128121	-1.42128121	-1.42128121
New_Mexico	-0.93101452	-0.93101452	-0.93101452	-0.93101452	-0.93101452	-0.93101452	-0.93101452	-0.93101452	-0.93101452	-0.93101452	-0.93101452	-0.93101452	-0.93101452	-0.93101452	-0.93101452	-0.93101452	-0.93101452	-0.93101452	-0.93101452	-0.93101452	-0.93101452	-0.93101452	-0.93101452	-0.93101452	-0.93101452	-0.93101452	-0.93101452	-0.93101452	-0.93101452	-0.93101452	-0.93101452	-0.93101452	-0.93101452
Nigeria	-0.37411304	-0.37411304	-0.37411304	-0.37411304	-0.37411304	-0.37411304	-0.37411304	-0.37411304	-0.37411304	-0.37411304	-0.37411304	-0.37411304	-0.37411304	-0.37411304	-0.37411304	-0.37411304	-0.37411304	-0.37411304	-0.37411304	-0.37411304	-0.37411304	-0.37411304	-0.37411304	-0.37411304	-0.37411304	-0.37411304	-0.37411304	-0.37411304	-0.37411304	-0.37411304	-0.37411304	-0.37411304	-0.37411304
North_Carolina	0.48870887	0.48870887	0.48870887	0.48870887	0.48870887	0.48870887	0.48870887	0.48870887	0.48870887	0.48870887	0.48870887	0.48870887	0.48870887	0.48870887	0.48870887	0.48870887	0.48870887	0.48870887	0.48870887	0.48870887	0.48870887	0.48870887	0.48870887	0.48870887	0.48870887	0.48870887	0.48870887	0.48870887	0.48870887	0.48870887	0.48870887	0.48870887	0.48870887
Ohio	0.56724756	0.56724756	0.56724756	0.56724756	0.56724756	0.56724756	0.56724756	0.56724756	0.56724756	0.56724756	0.56724756	0.56724756	0.56724756	0.56724756	0.56724756	0.56724756	0.56724756	0.56724756	0.56724756	0.56724756	0.56724756	0.56724756	0.56724756	0.56724756	0.56724756	0.56724756	0.56724756	0.56724756	0.56724756	0.56724756	0.56724756	0.56724756	0.56724756
Oklahoma	-0.42494727	-0.42494727	-0.42494727	-0.42494727	-0.42494727	-0.42494727	-0.42494727	-0.42494727	-0.42494727	-0.42494727	-0.42494727	-0.42494727	-0.42494727	-0.42494727	-0.42494727	-0.42494727	-0.42494727	-0.42494727	-0.42494727	-0.42494727	-0.42494727	-0.42494727	-0.42494727	-0.42494727	-0.42494727	-0.42494727	-0.42494727	-0.42494727	-0.42494727	-0.42494727	-0.42494727	-0.42494727	-0.42494727
Peru	-0.28595029	-0.28595029	-0.28595029	-0.28595029	-0.28595029	-0.28595029	-0.28595029	-0.28595029	-0.28595029	-0.28595029	-0.28595029	-0.28595029	-0.28595029	-0.28595029	-0.28595029	-0.28595029	-0.28595029	-0.28595029	-0.28595029	-0.28595029	-0.28595029	-0.28595029	-0.28595029	-0.28595029	-0.28595029	-0.28595029	-0.28595029	-0.28595029	-0.28595029	-0.28595029	-0.28595029	-0.28595029	-0.28595029
Philippines	0.06248890	0.06248890	0.06248890	0.06248890	0.06248890	0.06248890	0.06248890	0.06248890	0.06248890	0.06248890	0.06248890	0.06248890	0.06248890	0.06248890	0.06248890	0.06248890	0.06248890	0.06248890	0.06248890	0.06248890	0.06248890	0.06248890	0.06248890	0.06248890	0.06248890	0.06248890	0.06248890	0.06248890	0.06248890	0.06248890	0.06248890	0.06248890	0.06248890
South_Carolina	-0.20640532	-0.20640532	-0.20640532	-0.20640532	-0.20640532	-0.20640532	-0.20640532	-0.20640532	-0.20640532	-0.20640532	-0.20640532	-0.20640532	-0.20640532	-0.20640532	-0.20640532	-0.20640532	-0.20640532	-0.20640532	-0.20640532	-0.20640532	-0.20640532	-0.20640532	-0.20640532	-0.20640532	-0.20640532	-0.20640532	-0.20640532	-0.20640532	-0.20640532	-0.20640532	-0.20640532	-0.20640532	-0.20640532
Tennessee	0.15271663	0.15271663	0.15271663	0.15271663	0.15271663	0.15271663	0.15271663	0.15271663	0.15271663	0.15271663	0.15271663	0.15271663	0.15271663	0.15271663	0.15271663	0.15271663	0.15271663	0.15271663	0.15271663	0.15271663	0.15271663	0.15271663	0.15271663	0.15271663	0.15271663	0.15271663	0.15271663	0.15271663	0.15271663	0.15271663	0.15271663	0.15271663	0.15271663
Texas	1.41942975	1.41942975	1.41942975	1.41942975	1.41942975	1.41942975	1.41942975	1.41942975	1.41942975	1.41942975	1.41942975	1.41942975	1.41942975	1.41942975	1.41942975	1.41942975	1.41942975	1.41942975	1.41942975	1.41942975	1.41942975	1.41942975	1.41942975	1.41942975	1.41942975	1.41942975	1.41942975	1.41942975	1.41942975	1.41942975	1.41942975	1.41942975	1.41942975
Utah	-0.32453193	-0.32453193	-0.32453193	-0.32453193	-0.32453193	-0.32453193	-0.32453193	-0.32453193	-0.32453193	-0.32453193	-0.32453193	-0.32453193	-0.32453193	-0.32453193	-0.32453193	-0.32453193	-0.32453193	-0.32453193	-0.32453193	-0.32453193	-0.32453193	-0.32453193	-0.32453193	-0.32453193	-0.32453193	-0.32453193	-0.32453193	-0.32453193	-0.32453193	-0.32453193	-0.32453193	-0.32453193	-0.32453193
West_Virginia	-1.14162466	-1.14162466	-1.14162466	-1.14162466	-1.14162466	-1.14162466	-1.14162466	-1.14162466	-1.14162466	-1.14162466	-1.14162466	-1.14162466	-1.14162466	-1.14162466	-1.14162466	-1.14162466	-1.14162466	-1.14162466	-1.14162466	-1.14162466	-1.14162466	-1.14162466	-1.14162466	-1.14162466	-1.14162466	-1.14162466	-1.14162466	-1.14162466	-1.14162466	-1.14162466	-1.14162466	-1.14162466	-1.14162466
Yemen	-2.59575080	-2.59575080	-2.59575080	-2.59575080	-2.59575080	-2.59575080	-2.59575080	-2.59575080	-2.59575080	-2.59575080	-2.59575080	-2.59575080	-2.59575080	-2.59575080	-2.59575080	-2.59575080	-2.59575080	-2.59575080	-2.59575080	-2.59575080	-2.59575080	-2.59575080	-2.59575080	-2.59575080	-2.59575080	-2.59575080	-2.59575080	-2.59575080	-2.59575080	-2.59575080	-2.59575080	-2.59575080	-2.59575080
