	Alaska	Arkansas	Bangladesh	Brazil	California	Colorado	Connecticut	Florida	Georgia	Germany	Hawaii	India	Iowa	Louisiana	Maryland	Massachusetts	Mexico	Mississippi	Missouri	Montana	New_Mexico	Nigeria	North_Carolina	Ohio	Oklahoma	Peru	Philippines	South_Carolina	Tennessee	Texas	Utah	West_Virginia	Yemen
Alaska	-0.14191453	-0.14191453	-0.14191453	-0.14191453	-0.14191453	-0.14191453	-0.14191453	-0.14191453	-0.14191453	-0.14191453	-0.14191453	-0.14191453	-0.14191453	-0.14191453	-0.14191453	-0.14191453	-0.14191453	-0.14191453	-0.14191453	-0.14191453	-0.14191453	-0.14191453	-0.14191453	-0.14191453	-0.14191453	-0.14191453	-0.14191453	-0.14191453	-0.14191453	-0.14191453	-0.14191453	-0.14191453	-0.14191453
Arkansas	0.60569773	0.60569773	0.60569773	0.60569773	0.60569773	0.60569773	0.60569773	0.60569773	0.60569773	0.60569773	0.60569773	0.60569773	0.60569773	0.60569773	0.60569773	0.60569773	0.60569773	0.60569773	0.60569773	0.60569773	0.60569773	0.60569773	0.60569773	0.60569773	0.60569773	0.60569773	0.60569773	0.60569773	0.60569773	0.60569773	0.60569773	0.60569773	0.60569773
Bangladesh	-0.95870599	-0.95870599	-0.95870599	-0.95870599	-0.95870599	-0.95870599	-0.95870599	-0.95870599	-0.95870599	-0.95870599	-0.95870599	-0.95870599	-0.95870599	-0.95870599	-0.95870599	-0.95870599	-0.95870599	-0.95870599	-0.95870599	-0.95870599	-0.95870599	-0.95870599	-0.95870599	-0.95870599	-0.95870599	-0.95870599	-0.95870599	-0.95870599	-0.95870599	-0.95870599	-0.95870599	-0.95870599	-0.95870599
Brazil	1.36123234	1.36123234	1.36123234	1.36123234	1.36123234	1.36123234	1.36123234	1.36123234	1.36123234	1.36123234	1.36123234	1.36123234	1.36123234	1.36123234	1.36123234	1.36123234	1.36123234	1.36123234	1.36123234	1.36123234	1.36123234	1.36123234	1.36123234	1.36123234	1.36123234	1.36123234	1.36123234	1.36123234	1.36123234	1.36123234	1.36123234	1.36123234	1.36123234
California	0.23008958	0.23008958	0.23008958	0.23008958	0.23008958	0.23008958	0.23008958	0.23008958	0.23008958	0.23008958	0.23008958	0.23008958	0.23008958	0.23008958	0.23008958	0.23008958	0.23008958	0.23008958	0.23008958	0.23008958	0.23008958	0.23008958	0.23008958	0.23008958	0.23008958	0.23008958	0.23008958	0.23008958	0.23008958	0.23008958	0.23008958	0.23008958	0.23008958
Colorado	-0.18525186	-0.18525186	-0.18525186	-0.18525186	-0.18525186	-0.18525186	-0.18525186	-0.18525186	-0.18525186	-0.18525186	-0.18525186	-0.18525186	-0.18525186	-0.18525186	-0.18525186	-0.18525186	-0.18525186	-0.18525186	-0.18525186	-0.18525186	-0.18525186	-0.18525186	-0.18525186	-0.18525186	-0.18525186	-0.18525186	-0.18525186	-0.18525186	-0.18525186	-0.18525186	-0.18525186	-0.18525186	-0.18525186
Connecticut	1.17497963	1.17497963	1.17497963	1.17497963	1.17497963	1.17497963	1.17497963	1.17497963	1.17497963	1.17497963	1.17497963	1.17497963	1.17497963	1.17497963	1.17497963	1.17497963	1.17497963	1.17497963	1.17497963	1.17497963	1.17497963	1.17497963	1.17497963	1.17497963	1.17497963	1.17497963	1.17497963	1.17497963	1.17497963	1.17497963	1.17497963	1.17497963	1.17497963
Florida	0.02220388	0.02220388	0.02220388	0.02220388	0.02220388	0.02220388	0.02220388	0.02220388	0.02220388	0.02220388	0.02220388	0.02220388	0.02220388	0.02220388	0.02220388	0.02220388	0.02220388	0.02220388	0.02220388	0.02220388	0.02220388	0.02220388	0.02220388	0.02220388	0.02220388	0.02220388	0.02220388	0.02220388	0.02220388	0.02220388	0.02220388	0.02220388	0.02220388
Georgia	0.66210531	0.66210531	0.66210531	0.66210531	0.66210531	0.66210531	0.66210531	0.66210531	0.66210531	0.66210531	0.66210531	0.66210531	0.66210531	0.66210531	0.66210531	0.66210531	0.66210531	0.66210531	0.66210531	0.66210531	0.66210531	0.66210531	0.66210531	0.66210531	0.66210531	0.66210531	0.66210531	0.66210531	0.66210531	0.66210531	0.66210531	0.66210531	0.66210531
Germany	-1.09732444	-1.09732444	-1.09732444	-1.09732444	-1.09732444	-1.09732444	-1.09732444	-1.09732444	-1.09732444	-1.09732444	-1.09732444	-1.09732444	-1.09732444	-1.09732444	-1.09732444	-1.09732444	-1.09732444	-1.09732444	-1.09732444	-1.09732444	-1.09732444	-1.09732444	-1.09732444	-1.09732444	-1.09732444	-1.09732444	-1.09732444	-1.09732444	-1.09732444	-1.09732444	-1.09732444	-1.09732444	-1.09732444
Hawaii	0.30329146	0.30329146	0.30329146	0.30329146	0.30329146	0.30329146	0.30329146	0.30329146	0.30329146	0.30329146	0.30329146	0.30329146	0.30329146	0.30329146	0.30329146	0.30329146	0.30329146	0.30329146	0.30329146	0.30329146	0.30329146	0.30329146	0.30329146	0.30329146	0.30329146	0.30329146	0.30329146	0.30329146	0.30329146	0.30329146	0.30329146	0.30329146	0.30329146
India	-0.90010658	-0.90010658	-0.90010658	-0.90010658	-0.90010658	-0.90010658	-0.90010658	-0.90010658	-0.90010658	-0.90010658	-0.90010658	-0.90010658	-0.90010658	-0.90010658	-0.90010658	-0.90010658	-0.90010658	-0.90010658	-0.90010658	-0.90010658	-0.90010658	-0.90010658	-0.90010658	-0.90010658	-0.90010658	-0.90010658	-0.90010658	-0.90010658	-0.90010658	-0.90010658	-0.90010658	-0.90010658	-0.90010658
Iowa	-2.08450362	-2.08450362	-2.08450362	-2.08450362	-2.08450362	-2.08450362	-2.08450362	-2.08450362	-2.08450362	-2.08450362	-2.08450362	-2.08450362	-2.08450362	-2.08450362	-2.08450362	-2.08450362	-2.08450362	-2.08450362	-2.08450362	-2.08450362	-2.08450362	-2.08450362	-2.08450362	-2.08450362	-2.08450362	-2.08450362	-2.08450362	-2.08450362	-2.08450362	-2.08450362	-2.08450362	-2.08450362	-2.08450362
Louisiana	0.17724973	0.17724973	0.17724973	0.17724973	0.17724973	0.17724973	0.17724973	0.17724973	0.17724973	0.17724973	0.17724973	0.17724973	0.17724973	0.17724973	0.17724973	0.17724973	0.17724973	0.17724973	0.17724973	0.17724973	0.17724973	0.17724973	0.17724973	0.17724973	0.17724973	0.17724973	0.17724973	0.17724973	0.17724973	0.17724973	0.17724973	0.17724973	0.17724973
Maryland	0.07386167	0.07386167	0.07386167	0.07386167	0.07386167	0.07386167	0.07386167	0.07386167	0.07386167	0.07386167	0.07386167	0.07386167	0.07386167	0.07386167	0.07386167	0.07386167	0.07386167	0.07386167	0.07386167	0.07386167	0.07386167	0.07386167	0.07386167	0.07386167	0.07386167	0.07386167	0.07386167	0.07386167	0.07386167	0.07386167	0.07386167	0.07386167	0.07386167
Massachusetts	0.89244228	0.89244228	0.89244228	0.89244228	0.89244228	0.89244228	0.89244228	0.89244228	0.89244228	0.89244228	0.89244228	0.89244228	0.89244228	0.89244228	0.89244228	0.89244228	0.89244228	0.89244228	0.89244228	0.89244228	0.89244228	0.89244228	0.89244228	0.89244228	0.89244228	0.89244228	0.89244228	0.89244228	0.89244228	0.89244228	0.89244228	0.89244228	0.89244228
Mexico	0.28761571	0.28761571	0.28761571	0.28761571	0.28761571	0.28761571	0.28761571	0.28761571	0.28761571	0.28761571	0.28761571	0.28761571	0.28761571	0.28761571	0.28761571	0.28761571	0.28761571	0.28761571	0.28761571	0.28761571	0.28761571	0.28761571	0.28761571	0.28761571	0.28761571	0.28761571	0.28761571	0.28761571	0.28761571	0.28761571	0.28761571	0.28761571	0.28761571
Mississippi	0.97075440	0.97075440	0.97075440	0.97075440	0.97075440	0.97075440	0.97075440	0.97075440	0.97075440	0.97075440	0.97075440	0.97075440	0.97075440	0.97075440	0.97075440	0.97075440	0.97075440	0.97075440	0.97075440	0.97075440	0.97075440	0.97075440	0.97075440	0.97075440	0.97075440	0.97075440	0.97075440	0.97075440	0.97075440	0.97075440	0.97075440	0.97075440	0.97075440
Missouri	0.38672284	0.38672284	0.38672284	0.38672284	0.38672284	0.38672284	0.38672284	0.38672284	0.38672284	0.38672284	0.38672284	0.38672284	0.38672284	0.38672284	0.38672284	0.38672284	0.38672284	0.38672284	0.38672284	0.38672284	0.38672284	0.38672284	0.38672284	0.38672284	0.38672284	0.38672284	0.38672284	0.38672284	0.38672284	0.38672284	0.38672284	0.38672284	0.38672284
Montana	-0.31857616	-0.31857616	-0.31857616	-0.31857616	-0.31857616	-0.31857616	-0.31857616	-0.31857616	-0.31857616	-0.31857616	-0.31857616	-0.31857616	-0.31857616	-0.31857616	-0.31857616	-0.31857616	-0.31857616	-0.31857616	-0.31857616	-0.31857616	-0.31857616	-0.31857616	-0.31857616	-0.31857616	-0.31857616	-0.31857616	-0.31857616	-0.31857616	-0.31857616	-0.31857616	-0.31857616	-0.31857616	-0.31857616
New_Mexico	-1.22449867	-1.22449867	-1.22449867	-1.22449867	-1.22449867	-1.22449867	-1.22449867	-1.22449867	-1.22449867	-1.22449867	-1.22449867	-1.22449867	-1.22449867	-1.22449867	-1.22449867	-1.22449867	-1.22449867	-1.22449867	-1.22449867	-1.22449867	-1.22449867	-1.22449867	-1.22449867	-1.22449867	-1.22449867	-1.22449867	-1.22449867	-1.22449867	-1.22449867	-1.22449867	-1.22449867	-1.22449867	-1.22449867
Nigeria	-0.17433803	-0.17433803	-0.17433803	-0.17433803	-0.17433803	-0.17433803	-0.17433803	-0.17433803	-0.17433803	-0.17433803	-0.17433803	-0.17433803	-0.17433803	-0.17433803	-0.17433803	-0.17433803	-0.17433803	-0.17433803	-0.17433803	-0.17433803	-0.17433803	-0.17433803	-0.17433803	-0.17433803	-0.17433803	-0.17433803	-0.17433803	-0.17433803	-0.17433803	-0.17433803	-0.17433803	-0.17433803	-0.17433803
North_Carolina	0.61753583	0.61753583	0.61753583	0.61753583	0.61753583	0.61753583	0.61753583	0.61753583	0.61753583	0.61753583	0.61753583	0.61753583	0.61753583	0.61753583	0.61753583	0.61753583	0.61753583	0.61753583	0.61753583	0.61753583	0.61753583	0.61753583	0.61753583	0.61753583	0.61753583	0.61753583	0.61753583	0.61753583	0.61753583	0.61753583	0.61753583	0.61753583	0.61753583
Ohio	0.14216396	0.14216396	0.14216396	0.14216396	0.14216396	0.14216396	0.14216396	0.14216396	0.14216396	0.14216396	0.14216396	0.14216396	0.14216396	0.14216396	0.14216396	0.14216396	0.14216396	0.14216396	0.14216396	0.14216396	0.14216396	0.14216396	0.14216396	0.14216396	0.14216396	0.14216396	0.14216396	0.14216396	0.14216396	0.14216396	0.14216396	0.14216396	0.14216396
Oklahoma	-0.57915833	-0.57915833	-0.57915833	-0.57915833	-0.57915833	-0.57915833	-0.57915833	-0.57915833	-0.57915833	-0.57915833	-0.57915833	-0.57915833	-0.57915833	-0.57915833	-0.57915833	-0.57915833	-0.57915833	-0.57915833	-0.57915833	-0.57915833	-0.57915833	-0.57915833	-0.57915833	-0.57915833	-0.57915833	-0.57915833	-0.57915833	-0.57915833	-0.57915833	-0.57915833	-0.57915833	-0.57915833	-0.57915833
Peru	1.23938116	1.23938116	1.23938116	1.23938116	1.23938116	1.23938116	1.23938116	1.23938116	1.23938116	1.23938116	1.23938116	1.23938116	1.23938116	1.23938116	1.23938116	1.23938116	1.23938116	1.23938116	1.23938116	1.23938116	1.23938116	1.23938116	1.23938116	1.23938116	1.23938116	1.23938116	1.23938116	1.23938116	1.23938116	1.23938116	1.23938116	1.23938116	1.23938116
Philippines	0.66877187	0.66877187	0.66877187	0.66877187	0.66877187	0.66877187	0.66877187	0.66877187	0.66877187	0.66877187	0.66877187	0.66877187	0.66877187	0.66877187	0.66877187	0.66877187	0.66877187	0.66877187	0.66877187	0.66877187	0.66877187	0.66877187	0.66877187	0.66877187	0.66877187	0.66877187	0.66877187	0.66877187	0.66877187	0.66877187	0.66877187	0.66877187	0.66877187
South_Carolina	0.44137763	0.44137763	0.44137763	0.44137763	0.44137763	0.44137763	0.44137763	0.44137763	0.44137763	0.44137763	0.44137763	0.44137763	0.44137763	0.44137763	0.44137763	0.44137763	0.44137763	0.44137763	0.44137763	0.44137763	0.44137763	0.44137763	0.44137763	0.44137763	0.44137763	0.44137763	0.44137763	0.44137763	0.44137763	0.44137763	0.44137763	0.44137763	0.44137763
Tennessee	0.98527713	0.98527713	0.98527713	0.98527713	0.98527713	0.98527713	0.98527713	0.98527713	0.98527713	0.98527713	0.98527713	0.98527713	0.98527713	0.98527713	0.98527713	0.98527713	0.98527713	0.98527713	0.98527713	0.98527713	0.98527713	0.98527713	0.98527713	0.98527713	0.98527713	0.98527713	0.98527713	0.98527713	0.98527713	0.98527713	0.98527713	0.98527713	0.98527713
Texas	-1.42079280	-1.42079280	-1.42079280	-1.42079280	-1.42079280	-1.42079280	-1.42079280	-1.42079280	-1.42079280	-1.42079280	-1.42079280	-1.42079280	-1.42079280	-1.42079280	-1.42079280	-1.42079280	-1.42079280	-1.42079280	-1.42079280	-1.42079280	-1.42079280	-1.42079280	-1.42079280	-1.42079280	-1.42079280	-1.42079280	-1.42079280	-1.42079280	-1.42079280	-1.42079280	-1.42079280	-1.42079280	-1.42079280
Utah	-1.02865572	-1.02865572	-1.02865572	-1.02865572	-1.02865572	-1.02865572	-1.02865572	-1.02865572	-1.02865572	-1.02865572	-1.02865572	-1.02865572	-1.02865572	-1.02865572	-1.02865572	-1.02865572	-1.02865572	-1.02865572	-1.02865572	-1.02865572	-1.02865572	-1.02865572	-1.02865572	-1.02865572	-1.02865572	-1.02865572	-1.02865572	-1.02865572	-1.02865572	-1.02865572	-1.02865572	-1.02865572	-1.02865572
West_Virginia	1.69867440	1.69867440	1.69867440	1.69867440	1.69867440	1.69867440	1.69867440	1.69867440	1.69867440	1.69867440	1.69867440	1.69867440	1.69867440	1.69867440	1.69867440	1.69867440	1.69867440	1.69867440	1.69867440	1.69867440	1.69867440	1.69867440	1.69867440	1.69867440	1.69867440	1.69867440	1.69867440	1.69867440	1.69867440	1.69867440	1.69867440	1.69867440	1.69867440
Yemen	-2.82760184	-2.82760184	-2.82760184	-2.82760184	-2.82760184	-2.82760184	-2.82760184	-2.82760184	-2.82760184	-2.82760184	-2.82760184	-2.82760184	-2.82760184	-2.82760184	-2.82760184	-2.82760184	-2.82760184	-2.82760184	-2.82760184	-2.82760184	-2.82760184	-2.82760184	-2.82760184	-2.82760184	-2.82760184	-2.82760184	-2.82760184	-2.82760184	-2.82760184	-2.82760184	-2.82760184	-2.82760184	-2.82760184
