	Alaska	Arkansas	Bangladesh	Brazil	California	Colorado	Connecticut	Florida	Georgia	Germany	Hawaii	India	Iowa	Louisiana	Maryland	Massachusetts	Mexico	Mississippi	Missouri	Montana	New_Mexico	Nigeria	North_Carolina	Ohio	Oklahoma	Peru	Philippines	South_Carolina	Tennessee	Texas	Utah	West_Virginia	Yemen
Alaska	1.40715567	1.40715567	1.40715567	1.40715567	1.40715567	1.40715567	1.40715567	1.40715567	1.40715567	1.40715567	1.40715567	1.40715567	1.40715567	1.40715567	1.40715567	1.40715567	1.40715567	1.40715567	1.40715567	1.40715567	1.40715567	1.40715567	1.40715567	1.40715567	1.40715567	1.40715567	1.40715567	1.40715567	1.40715567	1.40715567	1.40715567	1.40715567	1.40715567
Arkansas	-0.35302417	-0.35302417	-0.35302417	-0.35302417	-0.35302417	-0.35302417	-0.35302417	-0.35302417	-0.35302417	-0.35302417	-0.35302417	-0.35302417	-0.35302417	-0.35302417	-0.35302417	-0.35302417	-0.35302417	-0.35302417	-0.35302417	-0.35302417	-0.35302417	-0.35302417	-0.35302417	-0.35302417	-0.35302417	-0.35302417	-0.35302417	-0.35302417	-0.35302417	-0.35302417	-0.35302417	-0.35302417	-0.35302417
Bangladesh	-0.30490592	-0.30490592	-0.30490592	-0.30490592	-0.30490592	-0.30490592	-0.30490592	-0.30490592	-0.30490592	-0.30490592	-0.30490592	-0.30490592	-0.30490592	-0.30490592	-0.30490592	-0.30490592	-0.30490592	-0.30490592	-0.30490592	-0.30490592	-0.30490592	-0.30490592	-0.30490592	-0.30490592	-0.30490592	-0.30490592	-0.30490592	-0.30490592	-0.30490592	-0.30490592	-0.30490592	-0.30490592	-0.30490592
Brazil	2.52376230	2.52376230	2.52376230	2.52376230	2.52376230	2.52376230	2.52376230	2.52376230	2.52376230	2.52376230	2.52376230	2.52376230	2.52376230	2.52376230	2.52376230	2.52376230	2.52376230	2.52376230	2.52376230	2.52376230	2.52376230	2.52376230	2.52376230	2.52376230	2.52376230	2.52376230	2.52376230	2.52376230	2.52376230	2.52376230	2.52376230	2.52376230	2.52376230
California	0.43121975	0.43121975	0.43121975	0.43121975	0.43121975	0.43121975	0.43121975	0.43121975	0.43121975	0.43121975	0.43121975	0.43121975	0.43121975	0.43121975	0.43121975	0.43121975	0.43121975	0.43121975	0.43121975	0.43121975	0.43121975	0.43121975	0.43121975	0.43121975	0.43121975	0.43121975	0.43121975	0.43121975	0.43121975	0.43121975	0.43121975	0.43121975	0.43121975
Colorado	0.11605297	0.11605297	0.11605297	0.11605297	0.11605297	0.11605297	0.11605297	0.11605297	0.11605297	0.11605297	0.11605297	0.11605297	0.11605297	0.11605297	0.11605297	0.11605297	0.11605297	0.11605297	0.11605297	0.11605297	0.11605297	0.11605297	0.11605297	0.11605297	0.11605297	0.11605297	0.11605297	0.11605297	0.11605297	0.11605297	0.11605297	0.11605297	0.11605297
Connecticut	-1.93015283	-1.93015283	-1.93015283	-1.93015283	-1.93015283	-1.93015283	-1.93015283	-1.93015283	-1.93015283	-1.93015283	-1.93015283	-1.93015283	-1.93015283	-1.93015283	-1.93015283	-1.93015283	-1.93015283	-1.93015283	-1.93015283	-1.93015283	-1.93015283	-1.93015283	-1.93015283	-1.93015283	-1.93015283	-1.93015283	-1.93015283	-1.93015283	-1.93015283	-1.93015283	-1.93015283	-1.93015283	-1.93015283
Florida	-0.20496479	-0.20496479	-0.20496479	-0.20496479	-0.20496479	-0.20496479	-0.20496479	-0.20496479	-0.20496479	-0.20496479	-0.20496479	-0.20496479	-0.20496479	-0.20496479	-0.20496479	-0.20496479	-0.20496479	-0.20496479	-0.20496479	-0.20496479	-0.20496479	-0.20496479	-0.20496479	-0.20496479	-0.20496479	-0.20496479	-0.20496479	-0.20496479	-0.20496479	-0.20496479	-0.20496479	-0.20496479	-0.20496479
Georgia	-0.27556937	-0.27556937	-0.27556937	-0.27556937	-0.27556937	-0.27556937	-0.27556937	-0.27556937	-0.27556937	-0.27556937	-0.27556937	-0.27556937	-0.27556937	-0.27556937	-0.27556937	-0.27556937	-0.27556937	-0.27556937	-0.27556937	-0.27556937	-0.27556937	-0.27556937	-0.27556937	-0.27556937	-0.27556937	-0.27556937	-0.27556937	-0.27556937	-0.27556937	-0.27556937	-0.27556937	-0.27556937	-0.27556937
Germany	0.31244666	0.31244666	0.31244666	0.31244666	0.31244666	0.31244666	0.31244666	0.31244666	0.31244666	0.31244666	0.31244666	0.31244666	0.31244666	0.31244666	0.31244666	0.31244666	0.31244666	0.31244666	0.31244666	0.31244666	0.31244666	0.31244666	0.31244666	0.31244666	0.31244666	0.31244666	0.31244666	0.31244666	0.31244666	0.31244666	0.31244666	0.31244666	0.31244666
Hawaii	-2.15277610	-2.15277610	-2.15277610	-2.15277610	-2.15277610	-2.15277610	-2.15277610	-2.15277610	-2.15277610	-2.15277610	-2.15277610	-2.15277610	-2.15277610	-2.15277610	-2.15277610	-2.15277610	-2.15277610	-2.15277610	-2.15277610	-2.15277610	-2.15277610	-2.15277610	-2.15277610	-2.15277610	-2.15277610	-2.15277610	-2.15277610	-2.15277610	-2.15277610	-2.15277610	-2.15277610	-2.15277610	-2.15277610
India	1.85982625	1.85982625	1.85982625	1.85982625	1.85982625	1.85982625	1.85982625	1.85982625	1.85982625	1.85982625	1.85982625	1.85982625	1.85982625	1.85982625	1.85982625	1.85982625	1.85982625	1.85982625	1.85982625	1.85982625	1.85982625	1.85982625	1.85982625	1.85982625	1.85982625	1.85982625	1.85982625	1.85982625	1.85982625	1.85982625	1.85982625	1.85982625	1.85982625
Iowa	-0.31358105	-0.31358105	-0.31358105	-0.31358105	-0.31358105	-0.31358105	-0.31358105	-0.31358105	-0.31358105	-0.31358105	-0.31358105	-0.31358105	-0.31358105	-0.31358105	-0.31358105	-0.31358105	-0.31358105	-0.31358105	-0.31358105	-0.31358105	-0.31358105	-0.31358105	-0.31358105	-0.31358105	-0.31358105	-0.31358105	-0.31358105	-0.31358105	-0.31358105	-0.31358105	-0.31358105	-0.31358105	-0.31358105
Louisiana	-0.36503296	-0.36503296	-0.36503296	-0.36503296	-0.36503296	-0.36503296	-0.36503296	-0.36503296	-0.36503296	-0.36503296	-0.36503296	-0.36503296	-0.36503296	-0.36503296	-0.36503296	-0.36503296	-0.36503296	-0.36503296	-0.36503296	-0.36503296	-0.36503296	-0.36503296	-0.36503296	-0.36503296	-0.36503296	-0.36503296	-0.36503296	-0.36503296	-0.36503296	-0.36503296	-0.36503296	-0.36503296	-0.36503296
Maryland	-1.36824904	-1.36824904	-1.36824904	-1.36824904	-1.36824904	-1.36824904	-1.36824904	-1.36824904	-1.36824904	-1.36824904	-1.36824904	-1.36824904	-1.36824904	-1.36824904	-1.36824904	-1.36824904	-1.36824904	-1.36824904	-1.36824904	-1.36824904	-1.36824904	-1.36824904	-1.36824904	-1.36824904	-1.36824904	-1.36824904	-1.36824904	-1.36824904	-1.36824904	-1.36824904	-1.36824904	-1.36824904	-1.36824904
Massachusetts	-1.48097859	-1.48097859	-1.48097859	-1.48097859	-1.48097859	-1.48097859	-1.48097859	-1.48097859	-1.48097859	-1.48097859	-1.48097859	-1.48097859	-1.48097859	-1.48097859	-1.48097859	-1.48097859	-1.48097859	-1.48097859	-1.48097859	-1.48097859	-1.48097859	-1.48097859	-1.48097859	-1.48097859	-1.48097859	-1.48097859	-1.48097859	-1.48097859	-1.48097859	-1.48097859	-1.48097859	-1.48097859	-1.48097859
Mexico	1.50358752	1.50358752	1.50358752	1.50358752	1.50358752	1.50358752	1.50358752	1.50358752	1.50358752	1.50358752	1.50358752	1.50358752	1.50358752	1.50358752	1.50358752	1.50358752	1.50358752	1.50358752	1.50358752	1.50358752	1.50358752	1.50358752	1.50358752	1.50358752	1.50358752	1.50358752	1.50358752	1.50358752	1.50358752	1.50358752	1.50358752	1.50358752	1.50358752
Mississippi	-0.41821746	-0.41821746	-0.41821746	-0.41821746	-0.41821746	-0.41821746	-0.41821746	-0.41821746	-0.41821746	-0.41821746	-0.41821746	-0.41821746	-0.41821746	-0.41821746	-0.41821746	-0.41821746	-0.41821746	-0.41821746	-0.41821746	-0.41821746	-0.41821746	-0.41821746	-0.41821746	-0.41821746	-0.41821746	-0.41821746	-0.41821746	-0.41821746	-0.41821746	-0.41821746	-0.41821746	-0.41821746	-0.41821746
Missouri	-0.16042703	-0.16042703	-0.16042703	-0.16042703	-0.16042703	-0.16042703	-0.16042703	-0.16042703	-0.16042703	-0.16042703	-0.16042703	-0.16042703	-0.16042703	-0.16042703	-0.16042703	-0.16042703	-0.16042703	-0.16042703	-0.16042703	-0.16042703	-0.16042703	-0.16042703	-0.16042703	-0.16042703	-0.16042703	-0.16042703	-0.16042703	-0.16042703	-0.16042703	-0.16042703	-0.16042703	-0.16042703	-0.16042703
Montana	0.35696324	0.35696324	0.35696324	0.35696324	0.35696324	0.35696324	0.35696324	0.35696324	0.35696324	0.35696324	0.35696324	0.35696324	0.35696324	0.35696324	0.35696324	0.35696324	0.35696324	0.35696324	0.35696324	0.35696324	0.35696324	0.35696324	0.35696324	0.35696324	0.35696324	0.35696324	0.35696324	0.35696324	0.35696324	0.35696324	0.35696324	0.35696324	0.35696324
New_Mexico	0.22383217	0.22383217	0.22383217	0.22383217	0.22383217	0.22383217	0.22383217	0.22383217	0.22383217	0.22383217	0.22383217	0.22383217	0.22383217	0.22383217	0.22383217	0.22383217	0.22383217	0.22383217	0.22383217	0.22383217	0.22383217	0.22383217	0.22383217	0.22383217	0.22383217	0.22383217	0.22383217	0.22383217	0.22383217	0.22383217	0.22383217	0.22383217	0.22383217
Nigeria	0.97444042	0.97444042	0.97444042	0.97444042	0.97444042	0.97444042	0.97444042	0.97444042	0.97444042	0.97444042	0.97444042	0.97444042	0.97444042	0.97444042	0.97444042	0.97444042	0.97444042	0.97444042	0.97444042	0.97444042	0.97444042	0.97444042	0.97444042	0.97444042	0.97444042	0.97444042	0.97444042	0.97444042	0.97444042	0.97444042	0.97444042	0.97444042	0.97444042
North_Carolina	-0.34468282	-0.34468282	-0.34468282	-0.34468282	-0.34468282	-0.34468282	-0.34468282	-0.34468282	-0.34468282	-0.34468282	-0.34468282	-0.34468282	-0.34468282	-0.34468282	-0.34468282	-0.34468282	-0.34468282	-0.34468282	-0.34468282	-0.34468282	-0.34468282	-0.34468282	-0.34468282	-0.34468282	-0.34468282	-0.34468282	-0.34468282	-0.34468282	-0.34468282	-0.34468282	-0.34468282	-0.34468282	-0.34468282
Ohio	-0.47222859	-0.47222859	-0.47222859	-0.47222859	-0.47222859	-0.47222859	-0.47222859	-0.47222859	-0.47222859	-0.47222859	-0.47222859	-0.47222859	-0.47222859	-0.47222859	-0.47222859	-0.47222859	-0.47222859	-0.47222859	-0.47222859	-0.47222859	-0.47222859	-0.47222859	-0.47222859	-0.47222859	-0.47222859	-0.47222859	-0.47222859	-0.47222859	-0.47222859	-0.47222859	-0.47222859	-0.47222859	-0.47222859
Oklahoma	-0.16172695	-0.16172695	-0.16172695	-0.16172695	-0.16172695	-0.16172695	-0.16172695	-0.16172695	-0.16172695	-0.16172695	-0.16172695	-0.16172695	-0.16172695	-0.16172695	-0.16172695	-0.16172695	-0.16172695	-0.16172695	-0.16172695	-0.16172695	-0.16172695	-0.16172695	-0.16172695	-0.16172695	-0.16172695	-0.16172695	-0.16172695	-0.16172695	-0.16172695	-0.16172695	-0.16172695	-0.16172695	-0.16172695
Peru	1.20477341	1.20477341	1.20477341	1.20477341	1.20477341	1.20477341	1.20477341	1.20477341	1.20477341	1.20477341	1.20477341	1.20477341	1.20477341	1.20477341	1.20477341	1.20477341	1.20477341	1.20477341	1.20477341	1.20477341	1.20477341	1.20477341	1.20477341	1.20477341	1.20477341	1.20477341	1.20477341	1.20477341	1.20477341	1.20477341	1.20477341	1.20477341	1.20477341
Philippines	0.28430503	0.28430503	0.28430503	0.28430503	0.28430503	0.28430503	0.28430503	0.28430503	0.28430503	0.28430503	0.28430503	0.28430503	0.28430503	0.28430503	0.28430503	0.28430503	0.28430503	0.28430503	0.28430503	0.28430503	0.28430503	0.28430503	0.28430503	0.28430503	0.28430503	0.28430503	0.28430503	0.28430503	0.28430503	0.28430503	0.28430503	0.28430503	0.28430503
South_Carolina	-0.70687735	-0.70687735	-0.70687735	-0.70687735	-0.70687735	-0.70687735	-0.70687735	-0.70687735	-0.70687735	-0.70687735	-0.70687735	-0.70687735	-0.70687735	-0.70687735	-0.70687735	-0.70687735	-0.70687735	-0.70687735	-0.70687735	-0.70687735	-0.70687735	-0.70687735	-0.70687735	-0.70687735	-0.70687735	-0.70687735	-0.70687735	-0.70687735	-0.70687735	-0.70687735	-0.70687735	-0.70687735	-0.70687735
Tennessee	-0.51464151	-0.51464151	-0.51464151	-0.51464151	-0.51464151	-0.51464151	-0.51464151	-0.51464151	-0.51464151	-0.51464151	-0.51464151	-0.51464151	-0.51464151	-0.51464151	-0.51464151	-0.51464151	-0.51464151	-0.51464151	-0.51464151	-0.51464151	-0.51464151	-0.51464151	-0.51464151	-0.51464151	-0.51464151	-0.51464151	-0.51464151	-0.51464151	-0.51464151	-0.51464151	-0.51464151	-0.51464151	-0.51464151
Texas	0.77720854	0.77720854	0.77720854	0.77720854	0.77720854	0.77720854	0.77720854	0.77720854	0.77720854	0.77720854	0.77720854	0.77720854	0.77720854	0.77720854	0.77720854	0.77720854	0.77720854	0.77720854	0.77720854	0.77720854	0.77720854	0.77720854	0.77720854	0.77720854	0.77720854	0.77720854	0.77720854	0.77720854	0.77720854	0.77720854	0.77720854	0.77720854	0.77720854
Utah	-0.02747328	-0.02747328	-0.02747328	-0.02747328	-0.02747328	-0.02747328	-0.02747328	-0.02747328	-0.02747328	-0.02747328	-0.02747328	-0.02747328	-0.02747328	-0.02747328	-0.02747328	-0.02747328	-0.02747328	-0.02747328	-0.02747328	-0.02747328	-0.02747328	-0.02747328	-0.02747328	-0.02747328	-0.02747328	-0.02747328	-0.02747328	-0.02747328	-0.02747328	-0.02747328	-0.02747328	-0.02747328	-0.02747328
West_Virginia	-0.90132308	-0.90132308	-0.90132308	-0.90132308	-0.90132308	-0.90132308	-0.90132308	-0.90132308	-0.90132308	-0.90132308	-0.90132308	-0.90132308	-0.90132308	-0.90132308	-0.90132308	-0.90132308	-0.90132308	-0.90132308	-0.90132308	-0.90132308	-0.90132308	-0.90132308	-0.90132308	-0.90132308	-0.90132308	-0.90132308	-0.90132308	-0.90132308	-0.90132308	-0.90132308	-0.90132308	-0.90132308	-0.90132308
Yemen	0.48125894	0.48125894	0.48125894	0.48125894	0.48125894	0.48125894	0.48125894	0.48125894	0.48125894	0.48125894	0.48125894	0.48125894	0.48125894	0.48125894	0.48125894	0.48125894	0.48125894	0.48125894	0.48125894	0.48125894	0.48125894	0.48125894	0.48125894	0.48125894	0.48125894	0.48125894	0.48125894	0.48125894	0.48125894	0.48125894	0.48125894	0.48125894	0.48125894
