	Argentina	Arizona	Belgium	Brazil	British_Virgin_Islands	California	Colombia	Colorado	Connecticut	District_of_Columbia	Florida	Georgia	Idaho	Illinois	Indiana	Israel	Louisiana	Massachusetts	Mexico	Mississippi	Nebraska	Nevada	New_Mexico	New_York	North_Dakota	Ohio	South_Dakota	Spain	Texas	Utah	Virginia	Wisconsin	Wyoming
Argentina	1.55801012	1.55801012	1.55801012	1.55801012	1.55801012	1.55801012	1.55801012	1.55801012	1.55801012	1.55801012	1.55801012	1.55801012	1.55801012	1.55801012	1.55801012	1.55801012	1.55801012	1.55801012	1.55801012	1.55801012	1.55801012	1.55801012	1.55801012	1.55801012	1.55801012	1.55801012	1.55801012	1.55801012	1.55801012	1.55801012	1.55801012	1.55801012	1.55801012
Arizona	0.30322853	0.30322853	0.30322853	0.30322853	0.30322853	0.30322853	0.30322853	0.30322853	0.30322853	0.30322853	0.30322853	0.30322853	0.30322853	0.30322853	0.30322853	0.30322853	0.30322853	0.30322853	0.30322853	0.30322853	0.30322853	0.30322853	0.30322853	0.30322853	0.30322853	0.30322853	0.30322853	0.30322853	0.30322853	0.30322853	0.30322853	0.30322853	0.30322853
Belgium	-0.96347919	-0.96347919	-0.96347919	-0.96347919	-0.96347919	-0.96347919	-0.96347919	-0.96347919	-0.96347919	-0.96347919	-0.96347919	-0.96347919	-0.96347919	-0.96347919	-0.96347919	-0.96347919	-0.96347919	-0.96347919	-0.96347919	-0.96347919	-0.96347919	-0.96347919	-0.96347919	-0.96347919	-0.96347919	-0.96347919	-0.96347919	-0.96347919	-0.96347919	-0.96347919	-0.96347919	-0.96347919	-0.96347919
Brazil	2.18430070	2.18430070	2.18430070	2.18430070	2.18430070	2.18430070	2.18430070	2.18430070	2.18430070	2.18430070	2.18430070	2.18430070	2.18430070	2.18430070	2.18430070	2.18430070	2.18430070	2.18430070	2.18430070	2.18430070	2.18430070	2.18430070	2.18430070	2.18430070	2.18430070	2.18430070	2.18430070	2.18430070	2.18430070	2.18430070	2.18430070	2.18430070	2.18430070
British_Virgin_Islands	-3.93699163	-3.93699163	-3.93699163	-3.93699163	-3.93699163	-3.93699163	-3.93699163	-3.93699163	-3.93699163	-3.93699163	-3.93699163	-3.93699163	-3.93699163	-3.93699163	-3.93699163	-3.93699163	-3.93699163	-3.93699163	-3.93699163	-3.93699163	-3.93699163	-3.93699163	-3.93699163	-3.93699163	-3.93699163	-3.93699163	-3.93699163	-3.93699163	-3.93699163	-3.93699163	-3.93699163	-3.93699163	-3.93699163
California	0.50571768	0.50571768	0.50571768	0.50571768	0.50571768	0.50571768	0.50571768	0.50571768	0.50571768	0.50571768	0.50571768	0.50571768	0.50571768	0.50571768	0.50571768	0.50571768	0.50571768	0.50571768	0.50571768	0.50571768	0.50571768	0.50571768	0.50571768	0.50571768	0.50571768	0.50571768	0.50571768	0.50571768	0.50571768	0.50571768	0.50571768	0.50571768	0.50571768
Colombia	1.06001324	1.06001324	1.06001324	1.06001324	1.06001324	1.06001324	1.06001324	1.06001324	1.06001324	1.06001324	1.06001324	1.06001324	1.06001324	1.06001324	1.06001324	1.06001324	1.06001324	1.06001324	1.06001324	1.06001324	1.06001324	1.06001324	1.06001324	1.06001324	1.06001324	1.06001324	1.06001324	1.06001324	1.06001324	1.06001324	1.06001324	1.06001324	1.06001324
Colorado	0.25289911	0.25289911	0.25289911	0.25289911	0.25289911	0.25289911	0.25289911	0.25289911	0.25289911	0.25289911	0.25289911	0.25289911	0.25289911	0.25289911	0.25289911	0.25289911	0.25289911	0.25289911	0.25289911	0.25289911	0.25289911	0.25289911	0.25289911	0.25289911	0.25289911	0.25289911	0.25289911	0.25289911	0.25289911	0.25289911	0.25289911	0.25289911	0.25289911
Connecticut	-1.38851378	-1.38851378	-1.38851378	-1.38851378	-1.38851378	-1.38851378	-1.38851378	-1.38851378	-1.38851378	-1.38851378	-1.38851378	-1.38851378	-1.38851378	-1.38851378	-1.38851378	-1.38851378	-1.38851378	-1.38851378	-1.38851378	-1.38851378	-1.38851378	-1.38851378	-1.38851378	-1.38851378	-1.38851378	-1.38851378	-1.38851378	-1.38851378	-1.38851378	-1.38851378	-1.38851378	-1.38851378	-1.38851378
District_of_Columbia	0.04117590	0.04117590	0.04117590	0.04117590	0.04117590	0.04117590	0.04117590	0.04117590	0.04117590	0.04117590	0.04117590	0.04117590	0.04117590	0.04117590	0.04117590	0.04117590	0.04117590	0.04117590	0.04117590	0.04117590	0.04117590	0.04117590	0.04117590	0.04117590	0.04117590	0.04117590	0.04117590	0.04117590	0.04117590	0.04117590	0.04117590	0.04117590	0.04117590
Florida	-0.00461296	-0.00461296	-0.00461296	-0.00461296	-0.00461296	-0.00461296	-0.00461296	-0.00461296	-0.00461296	-0.00461296	-0.00461296	-0.00461296	-0.00461296	-0.00461296	-0.00461296	-0.00461296	-0.00461296	-0.00461296	-0.00461296	-0.00461296	-0.00461296	-0.00461296	-0.00461296	-0.00461296	-0.00461296	-0.00461296	-0.00461296	-0.00461296	-0.00461296	-0.00461296	-0.00461296	-0.00461296	-0.00461296
Georgia	-0.06125011	-0.06125011	-0.06125011	-0.06125011	-0.06125011	-0.06125011	-0.06125011	-0.06125011	-0.06125011	-0.06125011	-0.06125011	-0.06125011	-0.06125011	-0.06125011	-0.06125011	-0.06125011	-0.06125011	-0.06125011	-0.06125011	-0.06125011	-0.06125011	-0.06125011	-0.06125011	-0.06125011	-0.06125011	-0.06125011	-0.06125011	-0.06125011	-0.06125011	-0.06125011	-0.06125011	-0.06125011	-0.06125011
Idaho	0.13019027	0.13019027	0.13019027	0.13019027	0.13019027	0.13019027	0.13019027	0.13019027	0.13019027	0.13019027	0.13019027	0.13019027	0.13019027	0.13019027	0.13019027	0.13019027	0.13019027	0.13019027	0.13019027	0.13019027	0.13019027	0.13019027	0.13019027	0.13019027	0.13019027	0.13019027	0.13019027	0.13019027	0.13019027	0.13019027	0.13019027	0.13019027	0.13019027
Illinois	-0.07565205	-0.07565205	-0.07565205	-0.07565205	-0.07565205	-0.07565205	-0.07565205	-0.07565205	-0.07565205	-0.07565205	-0.07565205	-0.07565205	-0.07565205	-0.07565205	-0.07565205	-0.07565205	-0.07565205	-0.07565205	-0.07565205	-0.07565205	-0.07565205	-0.07565205	-0.07565205	-0.07565205	-0.07565205	-0.07565205	-0.07565205	-0.07565205	-0.07565205	-0.07565205	-0.07565205	-0.07565205	-0.07565205
Indiana	-0.33522603	-0.33522603	-0.33522603	-0.33522603	-0.33522603	-0.33522603	-0.33522603	-0.33522603	-0.33522603	-0.33522603	-0.33522603	-0.33522603	-0.33522603	-0.33522603	-0.33522603	-0.33522603	-0.33522603	-0.33522603	-0.33522603	-0.33522603	-0.33522603	-0.33522603	-0.33522603	-0.33522603	-0.33522603	-0.33522603	-0.33522603	-0.33522603	-0.33522603	-0.33522603	-0.33522603	-0.33522603	-0.33522603
Israel	-1.18189670	-1.18189670	-1.18189670	-1.18189670	-1.18189670	-1.18189670	-1.18189670	-1.18189670	-1.18189670	-1.18189670	-1.18189670	-1.18189670	-1.18189670	-1.18189670	-1.18189670	-1.18189670	-1.18189670	-1.18189670	-1.18189670	-1.18189670	-1.18189670	-1.18189670	-1.18189670	-1.18189670	-1.18189670	-1.18189670	-1.18189670	-1.18189670	-1.18189670	-1.18189670	-1.18189670	-1.18189670	-1.18189670
Louisiana	-0.13301547	-0.13301547	-0.13301547	-0.13301547	-0.13301547	-0.13301547	-0.13301547	-0.13301547	-0.13301547	-0.13301547	-0.13301547	-0.13301547	-0.13301547	-0.13301547	-0.13301547	-0.13301547	-0.13301547	-0.13301547	-0.13301547	-0.13301547	-0.13301547	-0.13301547	-0.13301547	-0.13301547	-0.13301547	-0.13301547	-0.13301547	-0.13301547	-0.13301547	-0.13301547	-0.13301547	-0.13301547	-0.13301547
Massachusetts	-1.02819793	-1.02819793	-1.02819793	-1.02819793	-1.02819793	-1.02819793	-1.02819793	-1.02819793	-1.02819793	-1.02819793	-1.02819793	-1.02819793	-1.02819793	-1.02819793	-1.02819793	-1.02819793	-1.02819793	-1.02819793	-1.02819793	-1.02819793	-1.02819793	-1.02819793	-1.02819793	-1.02819793	-1.02819793	-1.02819793	-1.02819793	-1.02819793	-1.02819793	-1.02819793	-1.02819793	-1.02819793	-1.02819793
Mexico	1.36594312	1.36594312	1.36594312	1.36594312	1.36594312	1.36594312	1.36594312	1.36594312	1.36594312	1.36594312	1.36594312	1.36594312	1.36594312	1.36594312	1.36594312	1.36594312	1.36594312	1.36594312	1.36594312	1.36594312	1.36594312	1.36594312	1.36594312	1.36594312	1.36594312	1.36594312	1.36594312	1.36594312	1.36594312	1.36594312	1.36594312	1.36594312	1.36594312
Mississippi	-0.17567869	-0.17567869	-0.17567869	-0.17567869	-0.17567869	-0.17567869	-0.17567869	-0.17567869	-0.17567869	-0.17567869	-0.17567869	-0.17567869	-0.17567869	-0.17567869	-0.17567869	-0.17567869	-0.17567869	-0.17567869	-0.17567869	-0.17567869	-0.17567869	-0.17567869	-0.17567869	-0.17567869	-0.17567869	-0.17567869	-0.17567869	-0.17567869	-0.17567869	-0.17567869	-0.17567869	-0.17567869	-0.17567869
Nebraska	0.08677373	0.08677373	0.08677373	0.08677373	0.08677373	0.08677373	0.08677373	0.08677373	0.08677373	0.08677373	0.08677373	0.08677373	0.08677373	0.08677373	0.08677373	0.08677373	0.08677373	0.08677373	0.08677373	0.08677373	0.08677373	0.08677373	0.08677373	0.08677373	0.08677373	0.08677373	0.08677373	0.08677373	0.08677373	0.08677373	0.08677373	0.08677373	0.08677373
Nevada	0.28619173	0.28619173	0.28619173	0.28619173	0.28619173	0.28619173	0.28619173	0.28619173	0.28619173	0.28619173	0.28619173	0.28619173	0.28619173	0.28619173	0.28619173	0.28619173	0.28619173	0.28619173	0.28619173	0.28619173	0.28619173	0.28619173	0.28619173	0.28619173	0.28619173	0.28619173	0.28619173	0.28619173	0.28619173	0.28619173	0.28619173	0.28619173	0.28619173
New_Mexico	0.33935677	0.33935677	0.33935677	0.33935677	0.33935677	0.33935677	0.33935677	0.33935677	0.33935677	0.33935677	0.33935677	0.33935677	0.33935677	0.33935677	0.33935677	0.33935677	0.33935677	0.33935677	0.33935677	0.33935677	0.33935677	0.33935677	0.33935677	0.33935677	0.33935677	0.33935677	0.33935677	0.33935677	0.33935677	0.33935677	0.33935677	0.33935677	0.33935677
New_York	-0.10907624	-0.10907624	-0.10907624	-0.10907624	-0.10907624	-0.10907624	-0.10907624	-0.10907624	-0.10907624	-0.10907624	-0.10907624	-0.10907624	-0.10907624	-0.10907624	-0.10907624	-0.10907624	-0.10907624	-0.10907624	-0.10907624	-0.10907624	-0.10907624	-0.10907624	-0.10907624	-0.10907624	-0.10907624	-0.10907624	-0.10907624	-0.10907624	-0.10907624	-0.10907624	-0.10907624	-0.10907624	-0.10907624
North_Dakota	0.03594764	0.03594764	0.03594764	0.03594764	0.03594764	0.03594764	0.03594764	0.03594764	0.03594764	0.03594764	0.03594764	0.03594764	0.03594764	0.03594764	0.03594764	0.03594764	0.03594764	0.03594764	0.03594764	0.03594764	0.03594764	0.03594764	0.03594764	0.03594764	0.03594764	0.03594764	0.03594764	0.03594764	0.03594764	0.03594764	0.03594764	0.03594764	0.03594764
Ohio	-0.21900500	-0.21900500	-0.21900500	-0.21900500	-0.21900500	-0.21900500	-0.21900500	-0.21900500	-0.21900500	-0.21900500	-0.21900500	-0.21900500	-0.21900500	-0.21900500	-0.21900500	-0.21900500	-0.21900500	-0.21900500	-0.21900500	-0.21900500	-0.21900500	-0.21900500	-0.21900500	-0.21900500	-0.21900500	-0.21900500	-0.21900500	-0.21900500	-0.21900500	-0.21900500	-0.21900500	-0.21900500	-0.21900500
South_Dakota	0.08456218	0.08456218	0.08456218	0.08456218	0.08456218	0.08456218	0.08456218	0.08456218	0.08456218	0.08456218	0.08456218	0.08456218	0.08456218	0.08456218	0.08456218	0.08456218	0.08456218	0.08456218	0.08456218	0.08456218	0.08456218	0.08456218	0.08456218	0.08456218	0.08456218	0.08456218	0.08456218	0.08456218	0.08456218	0.08456218	0.08456218	0.08456218	0.08456218
Spain	0.60467211	0.60467211	0.60467211	0.60467211	0.60467211	0.60467211	0.60467211	0.60467211	0.60467211	0.60467211	0.60467211	0.60467211	0.60467211	0.60467211	0.60467211	0.60467211	0.60467211	0.60467211	0.60467211	0.60467211	0.60467211	0.60467211	0.60467211	0.60467211	0.60467211	0.60467211	0.60467211	0.60467211	0.60467211	0.60467211	0.60467211	0.60467211	0.60467211
Texas	0.78326085	0.78326085	0.78326085	0.78326085	0.78326085	0.78326085	0.78326085	0.78326085	0.78326085	0.78326085	0.78326085	0.78326085	0.78326085	0.78326085	0.78326085	0.78326085	0.78326085	0.78326085	0.78326085	0.78326085	0.78326085	0.78326085	0.78326085	0.78326085	0.78326085	0.78326085	0.78326085	0.78326085	0.78326085	0.78326085	0.78326085	0.78326085	0.78326085
Utah	0.13776610	0.13776610	0.13776610	0.13776610	0.13776610	0.13776610	0.13776610	0.13776610	0.13776610	0.13776610	0.13776610	0.13776610	0.13776610	0.13776610	0.13776610	0.13776610	0.13776610	0.13776610	0.13776610	0.13776610	0.13776610	0.13776610	0.13776610	0.13776610	0.13776610	0.13776610	0.13776610	0.13776610	0.13776610	0.13776610	0.13776610	0.13776610	0.13776610
Virginia	-0.27209929	-0.27209929	-0.27209929	-0.27209929	-0.27209929	-0.27209929	-0.27209929	-0.27209929	-0.27209929	-0.27209929	-0.27209929	-0.27209929	-0.27209929	-0.27209929	-0.27209929	-0.27209929	-0.27209929	-0.27209929	-0.27209929	-0.27209929	-0.27209929	-0.27209929	-0.27209929	-0.27209929	-0.27209929	-0.27209929	-0.27209929	-0.27209929	-0.27209929	-0.27209929	-0.27209929	-0.27209929	-0.27209929
Wisconsin	-0.09293346	-0.09293346	-0.09293346	-0.09293346	-0.09293346	-0.09293346	-0.09293346	-0.09293346	-0.09293346	-0.09293346	-0.09293346	-0.09293346	-0.09293346	-0.09293346	-0.09293346	-0.09293346	-0.09293346	-0.09293346	-0.09293346	-0.09293346	-0.09293346	-0.09293346	-0.09293346	-0.09293346	-0.09293346	-0.09293346	-0.09293346	-0.09293346	-0.09293346	-0.09293346	-0.09293346	-0.09293346	-0.09293346
Wyoming	0.21761878	0.21761878	0.21761878	0.21761878	0.21761878	0.21761878	0.21761878	0.21761878	0.21761878	0.21761878	0.21761878	0.21761878	0.21761878	0.21761878	0.21761878	0.21761878	0.21761878	0.21761878	0.21761878	0.21761878	0.21761878	0.21761878	0.21761878	0.21761878	0.21761878	0.21761878	0.21761878	0.21761878	0.21761878	0.21761878	0.21761878	0.21761878	0.21761878
