	Argentina	Arizona	Belgium	Brazil	British_Virgin_Islands	California	Colombia	Colorado	Connecticut	District_of_Columbia	Florida	Georgia	Idaho	Illinois	Indiana	Israel	Louisiana	Massachusetts	Mexico	Mississippi	Nebraska	Nevada	New_Mexico	New_York	North_Dakota	Ohio	South_Dakota	Spain	Texas	Utah	Virginia	Wisconsin	Wyoming
Argentina	-0.10493159	-0.10493159	-0.10493159	-0.10493159	-0.10493159	-0.10493159	-0.10493159	-0.10493159	-0.10493159	-0.10493159	-0.10493159	-0.10493159	-0.10493159	-0.10493159	-0.10493159	-0.10493159	-0.10493159	-0.10493159	-0.10493159	-0.10493159	-0.10493159	-0.10493159	-0.10493159	-0.10493159	-0.10493159	-0.10493159	-0.10493159	-0.10493159	-0.10493159	-0.10493159	-0.10493159	-0.10493159	-0.10493159
Arizona	-0.43712681	-0.43712681	-0.43712681	-0.43712681	-0.43712681	-0.43712681	-0.43712681	-0.43712681	-0.43712681	-0.43712681	-0.43712681	-0.43712681	-0.43712681	-0.43712681	-0.43712681	-0.43712681	-0.43712681	-0.43712681	-0.43712681	-0.43712681	-0.43712681	-0.43712681	-0.43712681	-0.43712681	-0.43712681	-0.43712681	-0.43712681	-0.43712681	-0.43712681	-0.43712681	-0.43712681	-0.43712681	-0.43712681
Belgium	-0.37673737	-0.37673737	-0.37673737	-0.37673737	-0.37673737	-0.37673737	-0.37673737	-0.37673737	-0.37673737	-0.37673737	-0.37673737	-0.37673737	-0.37673737	-0.37673737	-0.37673737	-0.37673737	-0.37673737	-0.37673737	-0.37673737	-0.37673737	-0.37673737	-0.37673737	-0.37673737	-0.37673737	-0.37673737	-0.37673737	-0.37673737	-0.37673737	-0.37673737	-0.37673737	-0.37673737	-0.37673737	-0.37673737
Brazil	0.95398184	0.95398184	0.95398184	0.95398184	0.95398184	0.95398184	0.95398184	0.95398184	0.95398184	0.95398184	0.95398184	0.95398184	0.95398184	0.95398184	0.95398184	0.95398184	0.95398184	0.95398184	0.95398184	0.95398184	0.95398184	0.95398184	0.95398184	0.95398184	0.95398184	0.95398184	0.95398184	0.95398184	0.95398184	0.95398184	0.95398184	0.95398184	0.95398184
British_Virgin_Islands	0.75027468	0.75027468	0.75027468	0.75027468	0.75027468	0.75027468	0.75027468	0.75027468	0.75027468	0.75027468	0.75027468	0.75027468	0.75027468	0.75027468	0.75027468	0.75027468	0.75027468	0.75027468	0.75027468	0.75027468	0.75027468	0.75027468	0.75027468	0.75027468	0.75027468	0.75027468	0.75027468	0.75027468	0.75027468	0.75027468	0.75027468	0.75027468	0.75027468
California	-0.71796767	-0.71796767	-0.71796767	-0.71796767	-0.71796767	-0.71796767	-0.71796767	-0.71796767	-0.71796767	-0.71796767	-0.71796767	-0.71796767	-0.71796767	-0.71796767	-0.71796767	-0.71796767	-0.71796767	-0.71796767	-0.71796767	-0.71796767	-0.71796767	-0.71796767	-0.71796767	-0.71796767	-0.71796767	-0.71796767	-0.71796767	-0.71796767	-0.71796767	-0.71796767	-0.71796767	-0.71796767	-0.71796767
Colombia	3.34839919	3.34839919	3.34839919	3.34839919	3.34839919	3.34839919	3.34839919	3.34839919	3.34839919	3.34839919	3.34839919	3.34839919	3.34839919	3.34839919	3.34839919	3.34839919	3.34839919	3.34839919	3.34839919	3.34839919	3.34839919	3.34839919	3.34839919	3.34839919	3.34839919	3.34839919	3.34839919	3.34839919	3.34839919	3.34839919	3.34839919	3.34839919	3.34839919
Colorado	0.13201249	0.13201249	0.13201249	0.13201249	0.13201249	0.13201249	0.13201249	0.13201249	0.13201249	0.13201249	0.13201249	0.13201249	0.13201249	0.13201249	0.13201249	0.13201249	0.13201249	0.13201249	0.13201249	0.13201249	0.13201249	0.13201249	0.13201249	0.13201249	0.13201249	0.13201249	0.13201249	0.13201249	0.13201249	0.13201249	0.13201249	0.13201249	0.13201249
Connecticut	-0.14908106	-0.14908106	-0.14908106	-0.14908106	-0.14908106	-0.14908106	-0.14908106	-0.14908106	-0.14908106	-0.14908106	-0.14908106	-0.14908106	-0.14908106	-0.14908106	-0.14908106	-0.14908106	-0.14908106	-0.14908106	-0.14908106	-0.14908106	-0.14908106	-0.14908106	-0.14908106	-0.14908106	-0.14908106	-0.14908106	-0.14908106	-0.14908106	-0.14908106	-0.14908106	-0.14908106	-0.14908106	-0.14908106
District_of_Columbia	0.30424417	0.30424417	0.30424417	0.30424417	0.30424417	0.30424417	0.30424417	0.30424417	0.30424417	0.30424417	0.30424417	0.30424417	0.30424417	0.30424417	0.30424417	0.30424417	0.30424417	0.30424417	0.30424417	0.30424417	0.30424417	0.30424417	0.30424417	0.30424417	0.30424417	0.30424417	0.30424417	0.30424417	0.30424417	0.30424417	0.30424417	0.30424417	0.30424417
Florida	0.67557107	0.67557107	0.67557107	0.67557107	0.67557107	0.67557107	0.67557107	0.67557107	0.67557107	0.67557107	0.67557107	0.67557107	0.67557107	0.67557107	0.67557107	0.67557107	0.67557107	0.67557107	0.67557107	0.67557107	0.67557107	0.67557107	0.67557107	0.67557107	0.67557107	0.67557107	0.67557107	0.67557107	0.67557107	0.67557107	0.67557107	0.67557107	0.67557107
Georgia	-0.59816641	-0.59816641	-0.59816641	-0.59816641	-0.59816641	-0.59816641	-0.59816641	-0.59816641	-0.59816641	-0.59816641	-0.59816641	-0.59816641	-0.59816641	-0.59816641	-0.59816641	-0.59816641	-0.59816641	-0.59816641	-0.59816641	-0.59816641	-0.59816641	-0.59816641	-0.59816641	-0.59816641	-0.59816641	-0.59816641	-0.59816641	-0.59816641	-0.59816641	-0.59816641	-0.59816641	-0.59816641	-0.59816641
Idaho	-0.18049790	-0.18049790	-0.18049790	-0.18049790	-0.18049790	-0.18049790	-0.18049790	-0.18049790	-0.18049790	-0.18049790	-0.18049790	-0.18049790	-0.18049790	-0.18049790	-0.18049790	-0.18049790	-0.18049790	-0.18049790	-0.18049790	-0.18049790	-0.18049790	-0.18049790	-0.18049790	-0.18049790	-0.18049790	-0.18049790	-0.18049790	-0.18049790	-0.18049790	-0.18049790	-0.18049790	-0.18049790	-0.18049790
Illinois	-0.34318615	-0.34318615	-0.34318615	-0.34318615	-0.34318615	-0.34318615	-0.34318615	-0.34318615	-0.34318615	-0.34318615	-0.34318615	-0.34318615	-0.34318615	-0.34318615	-0.34318615	-0.34318615	-0.34318615	-0.34318615	-0.34318615	-0.34318615	-0.34318615	-0.34318615	-0.34318615	-0.34318615	-0.34318615	-0.34318615	-0.34318615	-0.34318615	-0.34318615	-0.34318615	-0.34318615	-0.34318615	-0.34318615
Indiana	0.71218090	0.71218090	0.71218090	0.71218090	0.71218090	0.71218090	0.71218090	0.71218090	0.71218090	0.71218090	0.71218090	0.71218090	0.71218090	0.71218090	0.71218090	0.71218090	0.71218090	0.71218090	0.71218090	0.71218090	0.71218090	0.71218090	0.71218090	0.71218090	0.71218090	0.71218090	0.71218090	0.71218090	0.71218090	0.71218090	0.71218090	0.71218090	0.71218090
Israel	-1.51061409	-1.51061409	-1.51061409	-1.51061409	-1.51061409	-1.51061409	-1.51061409	-1.51061409	-1.51061409	-1.51061409	-1.51061409	-1.51061409	-1.51061409	-1.51061409	-1.51061409	-1.51061409	-1.51061409	-1.51061409	-1.51061409	-1.51061409	-1.51061409	-1.51061409	-1.51061409	-1.51061409	-1.51061409	-1.51061409	-1.51061409	-1.51061409	-1.51061409	-1.51061409	-1.51061409	-1.51061409	-1.51061409
Louisiana	0.97651857	0.97651857	0.97651857	0.97651857	0.97651857	0.97651857	0.97651857	0.97651857	0.97651857	0.97651857	0.97651857	0.97651857	0.97651857	0.97651857	0.97651857	0.97651857	0.97651857	0.97651857	0.97651857	0.97651857	0.97651857	0.97651857	0.97651857	0.97651857	0.97651857	0.97651857	0.97651857	0.97651857	0.97651857	0.97651857	0.97651857	0.97651857	0.97651857
Massachusetts	-0.77247191	-0.77247191	-0.77247191	-0.77247191	-0.77247191	-0.77247191	-0.77247191	-0.77247191	-0.77247191	-0.77247191	-0.77247191	-0.77247191	-0.77247191	-0.77247191	-0.77247191	-0.77247191	-0.77247191	-0.77247191	-0.77247191	-0.77247191	-0.77247191	-0.77247191	-0.77247191	-0.77247191	-0.77247191	-0.77247191	-0.77247191	-0.77247191	-0.77247191	-0.77247191	-0.77247191	-0.77247191	-0.77247191
Mexico	1.77463867	1.77463867	1.77463867	1.77463867	1.77463867	1.77463867	1.77463867	1.77463867	1.77463867	1.77463867	1.77463867	1.77463867	1.77463867	1.77463867	1.77463867	1.77463867	1.77463867	1.77463867	1.77463867	1.77463867	1.77463867	1.77463867	1.77463867	1.77463867	1.77463867	1.77463867	1.77463867	1.77463867	1.77463867	1.77463867	1.77463867	1.77463867	1.77463867
Mississippi	0.69679009	0.69679009	0.69679009	0.69679009	0.69679009	0.69679009	0.69679009	0.69679009	0.69679009	0.69679009	0.69679009	0.69679009	0.69679009	0.69679009	0.69679009	0.69679009	0.69679009	0.69679009	0.69679009	0.69679009	0.69679009	0.69679009	0.69679009	0.69679009	0.69679009	0.69679009	0.69679009	0.69679009	0.69679009	0.69679009	0.69679009	0.69679009	0.69679009
Nebraska	-0.50652001	-0.50652001	-0.50652001	-0.50652001	-0.50652001	-0.50652001	-0.50652001	-0.50652001	-0.50652001	-0.50652001	-0.50652001	-0.50652001	-0.50652001	-0.50652001	-0.50652001	-0.50652001	-0.50652001	-0.50652001	-0.50652001	-0.50652001	-0.50652001	-0.50652001	-0.50652001	-0.50652001	-0.50652001	-0.50652001	-0.50652001	-0.50652001	-0.50652001	-0.50652001	-0.50652001	-0.50652001	-0.50652001
Nevada	-1.49659158	-1.49659158	-1.49659158	-1.49659158	-1.49659158	-1.49659158	-1.49659158	-1.49659158	-1.49659158	-1.49659158	-1.49659158	-1.49659158	-1.49659158	-1.49659158	-1.49659158	-1.49659158	-1.49659158	-1.49659158	-1.49659158	-1.49659158	-1.49659158	-1.49659158	-1.49659158	-1.49659158	-1.49659158	-1.49659158	-1.49659158	-1.49659158	-1.49659158	-1.49659158	-1.49659158	-1.49659158	-1.49659158
New_Mexico	-1.14039429	-1.14039429	-1.14039429	-1.14039429	-1.14039429	-1.14039429	-1.14039429	-1.14039429	-1.14039429	-1.14039429	-1.14039429	-1.14039429	-1.14039429	-1.14039429	-1.14039429	-1.14039429	-1.14039429	-1.14039429	-1.14039429	-1.14039429	-1.14039429	-1.14039429	-1.14039429	-1.14039429	-1.14039429	-1.14039429	-1.14039429	-1.14039429	-1.14039429	-1.14039429	-1.14039429	-1.14039429	-1.14039429
New_York	0.89179547	0.89179547	0.89179547	0.89179547	0.89179547	0.89179547	0.89179547	0.89179547	0.89179547	0.89179547	0.89179547	0.89179547	0.89179547	0.89179547	0.89179547	0.89179547	0.89179547	0.89179547	0.89179547	0.89179547	0.89179547	0.89179547	0.89179547	0.89179547	0.89179547	0.89179547	0.89179547	0.89179547	0.89179547	0.89179547	0.89179547	0.89179547	0.89179547
North_Dakota	-0.58094119	-0.58094119	-0.58094119	-0.58094119	-0.58094119	-0.58094119	-0.58094119	-0.58094119	-0.58094119	-0.58094119	-0.58094119	-0.58094119	-0.58094119	-0.58094119	-0.58094119	-0.58094119	-0.58094119	-0.58094119	-0.58094119	-0.58094119	-0.58094119	-0.58094119	-0.58094119	-0.58094119	-0.58094119	-0.58094119	-0.58094119	-0.58094119	-0.58094119	-0.58094119	-0.58094119	-0.58094119	-0.58094119
Ohio	0.73637728	0.73637728	0.73637728	0.73637728	0.73637728	0.73637728	0.73637728	0.73637728	0.73637728	0.73637728	0.73637728	0.73637728	0.73637728	0.73637728	0.73637728	0.73637728	0.73637728	0.73637728	0.73637728	0.73637728	0.73637728	0.73637728	0.73637728	0.73637728	0.73637728	0.73637728	0.73637728	0.73637728	0.73637728	0.73637728	0.73637728	0.73637728	0.73637728
South_Dakota	-0.40643179	-0.40643179	-0.40643179	-0.40643179	-0.40643179	-0.40643179	-0.40643179	-0.40643179	-0.40643179	-0.40643179	-0.40643179	-0.40643179	-0.40643179	-0.40643179	-0.40643179	-0.40643179	-0.40643179	-0.40643179	-0.40643179	-0.40643179	-0.40643179	-0.40643179	-0.40643179	-0.40643179	-0.40643179	-0.40643179	-0.40643179	-0.40643179	-0.40643179	-0.40643179	-0.40643179	-0.40643179	-0.40643179
Spain	0.17868520	0.17868520	0.17868520	0.17868520	0.17868520	0.17868520	0.17868520	0.17868520	0.17868520	0.17868520	0.17868520	0.17868520	0.17868520	0.17868520	0.17868520	0.17868520	0.17868520	0.17868520	0.17868520	0.17868520	0.17868520	0.17868520	0.17868520	0.17868520	0.17868520	0.17868520	0.17868520	0.17868520	0.17868520	0.17868520	0.17868520	0.17868520	0.17868520
Texas	-0.59155927	-0.59155927	-0.59155927	-0.59155927	-0.59155927	-0.59155927	-0.59155927	-0.59155927	-0.59155927	-0.59155927	-0.59155927	-0.59155927	-0.59155927	-0.59155927	-0.59155927	-0.59155927	-0.59155927	-0.59155927	-0.59155927	-0.59155927	-0.59155927	-0.59155927	-0.59155927	-0.59155927	-0.59155927	-0.59155927	-0.59155927	-0.59155927	-0.59155927	-0.59155927	-0.59155927	-0.59155927	-0.59155927
Utah	-1.40242725	-1.40242725	-1.40242725	-1.40242725	-1.40242725	-1.40242725	-1.40242725	-1.40242725	-1.40242725	-1.40242725	-1.40242725	-1.40242725	-1.40242725	-1.40242725	-1.40242725	-1.40242725	-1.40242725	-1.40242725	-1.40242725	-1.40242725	-1.40242725	-1.40242725	-1.40242725	-1.40242725	-1.40242725	-1.40242725	-1.40242725	-1.40242725	-1.40242725	-1.40242725	-1.40242725	-1.40242725	-1.40242725
Virginia	0.32369558	0.32369558	0.32369558	0.32369558	0.32369558	0.32369558	0.32369558	0.32369558	0.32369558	0.32369558	0.32369558	0.32369558	0.32369558	0.32369558	0.32369558	0.32369558	0.32369558	0.32369558	0.32369558	0.32369558	0.32369558	0.32369558	0.32369558	0.32369558	0.32369558	0.32369558	0.32369558	0.32369558	0.32369558	0.32369558	0.32369558	0.32369558	0.32369558
Wisconsin	0.33711971	0.33711971	0.33711971	0.33711971	0.33711971	0.33711971	0.33711971	0.33711971	0.33711971	0.33711971	0.33711971	0.33711971	0.33711971	0.33711971	0.33711971	0.33711971	0.33711971	0.33711971	0.33711971	0.33711971	0.33711971	0.33711971	0.33711971	0.33711971	0.33711971	0.33711971	0.33711971	0.33711971	0.33711971	0.33711971	0.33711971	0.33711971	0.33711971
Wyoming	-1.47663855	-1.47663855	-1.47663855	-1.47663855	-1.47663855	-1.47663855	-1.47663855	-1.47663855	-1.47663855	-1.47663855	-1.47663855	-1.47663855	-1.47663855	-1.47663855	-1.47663855	-1.47663855	-1.47663855	-1.47663855	-1.47663855	-1.47663855	-1.47663855	-1.47663855	-1.47663855	-1.47663855	-1.47663855	-1.47663855	-1.47663855	-1.47663855	-1.47663855	-1.47663855	-1.47663855	-1.47663855	-1.47663855
