	Argentina	Arizona	Belgium	Brazil	British_Virgin_Islands	California	Colombia	Colorado	Connecticut	District_of_Columbia	Florida	Georgia	Idaho	Illinois	Indiana	Israel	Louisiana	Massachusetts	Mexico	Mississippi	Nebraska	Nevada	New_Mexico	New_York	North_Dakota	Ohio	South_Dakota	Spain	Texas	Utah	Virginia	Wisconsin	Wyoming
Argentina	1.49364667	1.49364667	1.49364667	1.49364667	1.49364667	1.49364667	1.49364667	1.49364667	1.49364667	1.49364667	1.49364667	1.49364667	1.49364667	1.49364667	1.49364667	1.49364667	1.49364667	1.49364667	1.49364667	1.49364667	1.49364667	1.49364667	1.49364667	1.49364667	1.49364667	1.49364667	1.49364667	1.49364667	1.49364667	1.49364667	1.49364667	1.49364667	1.49364667
Arizona	-0.36530414	-0.36530414	-0.36530414	-0.36530414	-0.36530414	-0.36530414	-0.36530414	-0.36530414	-0.36530414	-0.36530414	-0.36530414	-0.36530414	-0.36530414	-0.36530414	-0.36530414	-0.36530414	-0.36530414	-0.36530414	-0.36530414	-0.36530414	-0.36530414	-0.36530414	-0.36530414	-0.36530414	-0.36530414	-0.36530414	-0.36530414	-0.36530414	-0.36530414	-0.36530414	-0.36530414	-0.36530414	-0.36530414
Belgium	0.53566985	0.53566985	0.53566985	0.53566985	0.53566985	0.53566985	0.53566985	0.53566985	0.53566985	0.53566985	0.53566985	0.53566985	0.53566985	0.53566985	0.53566985	0.53566985	0.53566985	0.53566985	0.53566985	0.53566985	0.53566985	0.53566985	0.53566985	0.53566985	0.53566985	0.53566985	0.53566985	0.53566985	0.53566985	0.53566985	0.53566985	0.53566985	0.53566985
Brazil	1.76272995	1.76272995	1.76272995	1.76272995	1.76272995	1.76272995	1.76272995	1.76272995	1.76272995	1.76272995	1.76272995	1.76272995	1.76272995	1.76272995	1.76272995	1.76272995	1.76272995	1.76272995	1.76272995	1.76272995	1.76272995	1.76272995	1.76272995	1.76272995	1.76272995	1.76272995	1.76272995	1.76272995	1.76272995	1.76272995	1.76272995	1.76272995	1.76272995
British_Virgin_Islands	-3.47198423	-3.47198423	-3.47198423	-3.47198423	-3.47198423	-3.47198423	-3.47198423	-3.47198423	-3.47198423	-3.47198423	-3.47198423	-3.47198423	-3.47198423	-3.47198423	-3.47198423	-3.47198423	-3.47198423	-3.47198423	-3.47198423	-3.47198423	-3.47198423	-3.47198423	-3.47198423	-3.47198423	-3.47198423	-3.47198423	-3.47198423	-3.47198423	-3.47198423	-3.47198423	-3.47198423	-3.47198423	-3.47198423
California	0.29187890	0.29187890	0.29187890	0.29187890	0.29187890	0.29187890	0.29187890	0.29187890	0.29187890	0.29187890	0.29187890	0.29187890	0.29187890	0.29187890	0.29187890	0.29187890	0.29187890	0.29187890	0.29187890	0.29187890	0.29187890	0.29187890	0.29187890	0.29187890	0.29187890	0.29187890	0.29187890	0.29187890	0.29187890	0.29187890	0.29187890	0.29187890	0.29187890
Colombia	1.51948926	1.51948926	1.51948926	1.51948926	1.51948926	1.51948926	1.51948926	1.51948926	1.51948926	1.51948926	1.51948926	1.51948926	1.51948926	1.51948926	1.51948926	1.51948926	1.51948926	1.51948926	1.51948926	1.51948926	1.51948926	1.51948926	1.51948926	1.51948926	1.51948926	1.51948926	1.51948926	1.51948926	1.51948926	1.51948926	1.51948926	1.51948926	1.51948926
Colorado	-0.18784943	-0.18784943	-0.18784943	-0.18784943	-0.18784943	-0.18784943	-0.18784943	-0.18784943	-0.18784943	-0.18784943	-0.18784943	-0.18784943	-0.18784943	-0.18784943	-0.18784943	-0.18784943	-0.18784943	-0.18784943	-0.18784943	-0.18784943	-0.18784943	-0.18784943	-0.18784943	-0.18784943	-0.18784943	-0.18784943	-0.18784943	-0.18784943	-0.18784943	-0.18784943	-0.18784943	-0.18784943	-0.18784943
Connecticut	-0.58692382	-0.58692382	-0.58692382	-0.58692382	-0.58692382	-0.58692382	-0.58692382	-0.58692382	-0.58692382	-0.58692382	-0.58692382	-0.58692382	-0.58692382	-0.58692382	-0.58692382	-0.58692382	-0.58692382	-0.58692382	-0.58692382	-0.58692382	-0.58692382	-0.58692382	-0.58692382	-0.58692382	-0.58692382	-0.58692382	-0.58692382	-0.58692382	-0.58692382	-0.58692382	-0.58692382	-0.58692382	-0.58692382
District_of_Columbia	0.00238232	0.00238232	0.00238232	0.00238232	0.00238232	0.00238232	0.00238232	0.00238232	0.00238232	0.00238232	0.00238232	0.00238232	0.00238232	0.00238232	0.00238232	0.00238232	0.00238232	0.00238232	0.00238232	0.00238232	0.00238232	0.00238232	0.00238232	0.00238232	0.00238232	0.00238232	0.00238232	0.00238232	0.00238232	0.00238232	0.00238232	0.00238232	0.00238232
Florida	0.33537363	0.33537363	0.33537363	0.33537363	0.33537363	0.33537363	0.33537363	0.33537363	0.33537363	0.33537363	0.33537363	0.33537363	0.33537363	0.33537363	0.33537363	0.33537363	0.33537363	0.33537363	0.33537363	0.33537363	0.33537363	0.33537363	0.33537363	0.33537363	0.33537363	0.33537363	0.33537363	0.33537363	0.33537363	0.33537363	0.33537363	0.33537363	0.33537363
Georgia	0.77544066	0.77544066	0.77544066	0.77544066	0.77544066	0.77544066	0.77544066	0.77544066	0.77544066	0.77544066	0.77544066	0.77544066	0.77544066	0.77544066	0.77544066	0.77544066	0.77544066	0.77544066	0.77544066	0.77544066	0.77544066	0.77544066	0.77544066	0.77544066	0.77544066	0.77544066	0.77544066	0.77544066	0.77544066	0.77544066	0.77544066	0.77544066	0.77544066
Idaho	-0.47734601	-0.47734601	-0.47734601	-0.47734601	-0.47734601	-0.47734601	-0.47734601	-0.47734601	-0.47734601	-0.47734601	-0.47734601	-0.47734601	-0.47734601	-0.47734601	-0.47734601	-0.47734601	-0.47734601	-0.47734601	-0.47734601	-0.47734601	-0.47734601	-0.47734601	-0.47734601	-0.47734601	-0.47734601	-0.47734601	-0.47734601	-0.47734601	-0.47734601	-0.47734601	-0.47734601	-0.47734601	-0.47734601
Illinois	-0.15689785	-0.15689785	-0.15689785	-0.15689785	-0.15689785	-0.15689785	-0.15689785	-0.15689785	-0.15689785	-0.15689785	-0.15689785	-0.15689785	-0.15689785	-0.15689785	-0.15689785	-0.15689785	-0.15689785	-0.15689785	-0.15689785	-0.15689785	-0.15689785	-0.15689785	-0.15689785	-0.15689785	-0.15689785	-0.15689785	-0.15689785	-0.15689785	-0.15689785	-0.15689785	-0.15689785	-0.15689785	-0.15689785
Indiana	0.11740959	0.11740959	0.11740959	0.11740959	0.11740959	0.11740959	0.11740959	0.11740959	0.11740959	0.11740959	0.11740959	0.11740959	0.11740959	0.11740959	0.11740959	0.11740959	0.11740959	0.11740959	0.11740959	0.11740959	0.11740959	0.11740959	0.11740959	0.11740959	0.11740959	0.11740959	0.11740959	0.11740959	0.11740959	0.11740959	0.11740959	0.11740959	0.11740959
Israel	-0.23905494	-0.23905494	-0.23905494	-0.23905494	-0.23905494	-0.23905494	-0.23905494	-0.23905494	-0.23905494	-0.23905494	-0.23905494	-0.23905494	-0.23905494	-0.23905494	-0.23905494	-0.23905494	-0.23905494	-0.23905494	-0.23905494	-0.23905494	-0.23905494	-0.23905494	-0.23905494	-0.23905494	-0.23905494	-0.23905494	-0.23905494	-0.23905494	-0.23905494	-0.23905494	-0.23905494	-0.23905494	-0.23905494
Louisiana	-0.05193505	-0.05193505	-0.05193505	-0.05193505	-0.05193505	-0.05193505	-0.05193505	-0.05193505	-0.05193505	-0.05193505	-0.05193505	-0.05193505	-0.05193505	-0.05193505	-0.05193505	-0.05193505	-0.05193505	-0.05193505	-0.05193505	-0.05193505	-0.05193505	-0.05193505	-0.05193505	-0.05193505	-0.05193505	-0.05193505	-0.05193505	-0.05193505	-0.05193505	-0.05193505	-0.05193505	-0.05193505	-0.05193505
Massachusetts	-0.23905494	-0.23905494	-0.23905494	-0.23905494	-0.23905494	-0.23905494	-0.23905494	-0.23905494	-0.23905494	-0.23905494	-0.23905494	-0.23905494	-0.23905494	-0.23905494	-0.23905494	-0.23905494	-0.23905494	-0.23905494	-0.23905494	-0.23905494	-0.23905494	-0.23905494	-0.23905494	-0.23905494	-0.23905494	-0.23905494	-0.23905494	-0.23905494	-0.23905494	-0.23905494	-0.23905494	-0.23905494	-0.23905494
Mexico	1.64353013	1.64353013	1.64353013	1.64353013	1.64353013	1.64353013	1.64353013	1.64353013	1.64353013	1.64353013	1.64353013	1.64353013	1.64353013	1.64353013	1.64353013	1.64353013	1.64353013	1.64353013	1.64353013	1.64353013	1.64353013	1.64353013	1.64353013	1.64353013	1.64353013	1.64353013	1.64353013	1.64353013	1.64353013	1.64353013	1.64353013	1.64353013	1.64353013
Mississippi	0.18836882	0.18836882	0.18836882	0.18836882	0.18836882	0.18836882	0.18836882	0.18836882	0.18836882	0.18836882	0.18836882	0.18836882	0.18836882	0.18836882	0.18836882	0.18836882	0.18836882	0.18836882	0.18836882	0.18836882	0.18836882	0.18836882	0.18836882	0.18836882	0.18836882	0.18836882	0.18836882	0.18836882	0.18836882	0.18836882	0.18836882	0.18836882	0.18836882
Nebraska	-0.51077626	-0.51077626	-0.51077626	-0.51077626	-0.51077626	-0.51077626	-0.51077626	-0.51077626	-0.51077626	-0.51077626	-0.51077626	-0.51077626	-0.51077626	-0.51077626	-0.51077626	-0.51077626	-0.51077626	-0.51077626	-0.51077626	-0.51077626	-0.51077626	-0.51077626	-0.51077626	-0.51077626	-0.51077626	-0.51077626	-0.51077626	-0.51077626	-0.51077626	-0.51077626	-0.51077626	-0.51077626	-0.51077626
Nevada	-0.87642040	-0.87642040	-0.87642040	-0.87642040	-0.87642040	-0.87642040	-0.87642040	-0.87642040	-0.87642040	-0.87642040	-0.87642040	-0.87642040	-0.87642040	-0.87642040	-0.87642040	-0.87642040	-0.87642040	-0.87642040	-0.87642040	-0.87642040	-0.87642040	-0.87642040	-0.87642040	-0.87642040	-0.87642040	-0.87642040	-0.87642040	-0.87642040	-0.87642040	-0.87642040	-0.87642040	-0.87642040	-0.87642040
New_Mexico	-0.68012090	-0.68012090	-0.68012090	-0.68012090	-0.68012090	-0.68012090	-0.68012090	-0.68012090	-0.68012090	-0.68012090	-0.68012090	-0.68012090	-0.68012090	-0.68012090	-0.68012090	-0.68012090	-0.68012090	-0.68012090	-0.68012090	-0.68012090	-0.68012090	-0.68012090	-0.68012090	-0.68012090	-0.68012090	-0.68012090	-0.68012090	-0.68012090	-0.68012090	-0.68012090	-0.68012090	-0.68012090	-0.68012090
New_York	0.07682864	0.07682864	0.07682864	0.07682864	0.07682864	0.07682864	0.07682864	0.07682864	0.07682864	0.07682864	0.07682864	0.07682864	0.07682864	0.07682864	0.07682864	0.07682864	0.07682864	0.07682864	0.07682864	0.07682864	0.07682864	0.07682864	0.07682864	0.07682864	0.07682864	0.07682864	0.07682864	0.07682864	0.07682864	0.07682864	0.07682864	0.07682864	0.07682864
North_Dakota	-1.54861063	-1.54861063	-1.54861063	-1.54861063	-1.54861063	-1.54861063	-1.54861063	-1.54861063	-1.54861063	-1.54861063	-1.54861063	-1.54861063	-1.54861063	-1.54861063	-1.54861063	-1.54861063	-1.54861063	-1.54861063	-1.54861063	-1.54861063	-1.54861063	-1.54861063	-1.54861063	-1.54861063	-1.54861063	-1.54861063	-1.54861063	-1.54861063	-1.54861063	-1.54861063	-1.54861063	-1.54861063	-1.54861063
Ohio	0.16831751	0.16831751	0.16831751	0.16831751	0.16831751	0.16831751	0.16831751	0.16831751	0.16831751	0.16831751	0.16831751	0.16831751	0.16831751	0.16831751	0.16831751	0.16831751	0.16831751	0.16831751	0.16831751	0.16831751	0.16831751	0.16831751	0.16831751	0.16831751	0.16831751	0.16831751	0.16831751	0.16831751	0.16831751	0.16831751	0.16831751	0.16831751	0.16831751
South_Dakota	-0.63092820	-0.63092820	-0.63092820	-0.63092820	-0.63092820	-0.63092820	-0.63092820	-0.63092820	-0.63092820	-0.63092820	-0.63092820	-0.63092820	-0.63092820	-0.63092820	-0.63092820	-0.63092820	-0.63092820	-0.63092820	-0.63092820	-0.63092820	-0.63092820	-0.63092820	-0.63092820	-0.63092820	-0.63092820	-0.63092820	-0.63092820	-0.63092820	-0.63092820	-0.63092820	-0.63092820	-0.63092820	-0.63092820
Spain	1.51379203	1.51379203	1.51379203	1.51379203	1.51379203	1.51379203	1.51379203	1.51379203	1.51379203	1.51379203	1.51379203	1.51379203	1.51379203	1.51379203	1.51379203	1.51379203	1.51379203	1.51379203	1.51379203	1.51379203	1.51379203	1.51379203	1.51379203	1.51379203	1.51379203	1.51379203	1.51379203	1.51379203	1.51379203	1.51379203	1.51379203	1.51379203	1.51379203
Texas	0.82231552	0.82231552	0.82231552	0.82231552	0.82231552	0.82231552	0.82231552	0.82231552	0.82231552	0.82231552	0.82231552	0.82231552	0.82231552	0.82231552	0.82231552	0.82231552	0.82231552	0.82231552	0.82231552	0.82231552	0.82231552	0.82231552	0.82231552	0.82231552	0.82231552	0.82231552	0.82231552	0.82231552	0.82231552	0.82231552	0.82231552	0.82231552	0.82231552
Utah	-0.68012090	-0.68012090	-0.68012090	-0.68012090	-0.68012090	-0.68012090	-0.68012090	-0.68012090	-0.68012090	-0.68012090	-0.68012090	-0.68012090	-0.68012090	-0.68012090	-0.68012090	-0.68012090	-0.68012090	-0.68012090	-0.68012090	-0.68012090	-0.68012090	-0.68012090	-0.68012090	-0.68012090	-0.68012090	-0.68012090	-0.68012090	-0.68012090	-0.68012090	-0.68012090	-0.68012090	-0.68012090	-0.68012090
Virginia	0.20750141	0.20750141	0.20750141	0.20750141	0.20750141	0.20750141	0.20750141	0.20750141	0.20750141	0.20750141	0.20750141	0.20750141	0.20750141	0.20750141	0.20750141	0.20750141	0.20750141	0.20750141	0.20750141	0.20750141	0.20750141	0.20750141	0.20750141	0.20750141	0.20750141	0.20750141	0.20750141	0.20750141	0.20750141	0.20750141	0.20750141	0.20750141	0.20750141
Wisconsin	0.12507320	0.12507320	0.12507320	0.12507320	0.12507320	0.12507320	0.12507320	0.12507320	0.12507320	0.12507320	0.12507320	0.12507320	0.12507320	0.12507320	0.12507320	0.12507320	0.12507320	0.12507320	0.12507320	0.12507320	0.12507320	0.12507320	0.12507320	0.12507320	0.12507320	0.12507320	0.12507320	0.12507320	0.12507320	0.12507320	0.12507320	0.12507320	0.12507320
Wyoming	-0.87642040	-0.87642040	-0.87642040	-0.87642040	-0.87642040	-0.87642040	-0.87642040	-0.87642040	-0.87642040	-0.87642040	-0.87642040	-0.87642040	-0.87642040	-0.87642040	-0.87642040	-0.87642040	-0.87642040	-0.87642040	-0.87642040	-0.87642040	-0.87642040	-0.87642040	-0.87642040	-0.87642040	-0.87642040	-0.87642040	-0.87642040	-0.87642040	-0.87642040	-0.87642040	-0.87642040	-0.87642040	-0.87642040
