	Argentina	Arizona	Belgium	Brazil	British_Virgin_Islands	California	Colombia	Colorado	Connecticut	District_of_Columbia	Florida	Georgia	Idaho	Illinois	Indiana	Israel	Louisiana	Massachusetts	Mexico	Mississippi	Nebraska	Nevada	New_Mexico	New_York	North_Dakota	Ohio	South_Dakota	Spain	Texas	Utah	Virginia	Wisconsin	Wyoming
Argentina	0.50083145	0.50083145	0.50083145	0.50083145	0.50083145	0.50083145	0.50083145	0.50083145	0.50083145	0.50083145	0.50083145	0.50083145	0.50083145	0.50083145	0.50083145	0.50083145	0.50083145	0.50083145	0.50083145	0.50083145	0.50083145	0.50083145	0.50083145	0.50083145	0.50083145	0.50083145	0.50083145	0.50083145	0.50083145	0.50083145	0.50083145	0.50083145	0.50083145
Arizona	0.92524323	0.92524323	0.92524323	0.92524323	0.92524323	0.92524323	0.92524323	0.92524323	0.92524323	0.92524323	0.92524323	0.92524323	0.92524323	0.92524323	0.92524323	0.92524323	0.92524323	0.92524323	0.92524323	0.92524323	0.92524323	0.92524323	0.92524323	0.92524323	0.92524323	0.92524323	0.92524323	0.92524323	0.92524323	0.92524323	0.92524323	0.92524323	0.92524323
Belgium	-1.01780868	-1.01780868	-1.01780868	-1.01780868	-1.01780868	-1.01780868	-1.01780868	-1.01780868	-1.01780868	-1.01780868	-1.01780868	-1.01780868	-1.01780868	-1.01780868	-1.01780868	-1.01780868	-1.01780868	-1.01780868	-1.01780868	-1.01780868	-1.01780868	-1.01780868	-1.01780868	-1.01780868	-1.01780868	-1.01780868	-1.01780868	-1.01780868	-1.01780868	-1.01780868	-1.01780868	-1.01780868	-1.01780868
Brazil	1.14516519	1.14516519	1.14516519	1.14516519	1.14516519	1.14516519	1.14516519	1.14516519	1.14516519	1.14516519	1.14516519	1.14516519	1.14516519	1.14516519	1.14516519	1.14516519	1.14516519	1.14516519	1.14516519	1.14516519	1.14516519	1.14516519	1.14516519	1.14516519	1.14516519	1.14516519	1.14516519	1.14516519	1.14516519	1.14516519	1.14516519	1.14516519	1.14516519
British_Virgin_Islands	0.98392160	0.98392160	0.98392160	0.98392160	0.98392160	0.98392160	0.98392160	0.98392160	0.98392160	0.98392160	0.98392160	0.98392160	0.98392160	0.98392160	0.98392160	0.98392160	0.98392160	0.98392160	0.98392160	0.98392160	0.98392160	0.98392160	0.98392160	0.98392160	0.98392160	0.98392160	0.98392160	0.98392160	0.98392160	0.98392160	0.98392160	0.98392160	0.98392160
California	0.73080412	0.73080412	0.73080412	0.73080412	0.73080412	0.73080412	0.73080412	0.73080412	0.73080412	0.73080412	0.73080412	0.73080412	0.73080412	0.73080412	0.73080412	0.73080412	0.73080412	0.73080412	0.73080412	0.73080412	0.73080412	0.73080412	0.73080412	0.73080412	0.73080412	0.73080412	0.73080412	0.73080412	0.73080412	0.73080412	0.73080412	0.73080412	0.73080412
Colombia	1.24224057	1.24224057	1.24224057	1.24224057	1.24224057	1.24224057	1.24224057	1.24224057	1.24224057	1.24224057	1.24224057	1.24224057	1.24224057	1.24224057	1.24224057	1.24224057	1.24224057	1.24224057	1.24224057	1.24224057	1.24224057	1.24224057	1.24224057	1.24224057	1.24224057	1.24224057	1.24224057	1.24224057	1.24224057	1.24224057	1.24224057	1.24224057	1.24224057
Colorado	0.89484761	0.89484761	0.89484761	0.89484761	0.89484761	0.89484761	0.89484761	0.89484761	0.89484761	0.89484761	0.89484761	0.89484761	0.89484761	0.89484761	0.89484761	0.89484761	0.89484761	0.89484761	0.89484761	0.89484761	0.89484761	0.89484761	0.89484761	0.89484761	0.89484761	0.89484761	0.89484761	0.89484761	0.89484761	0.89484761	0.89484761	0.89484761	0.89484761
Connecticut	-0.37347494	-0.37347494	-0.37347494	-0.37347494	-0.37347494	-0.37347494	-0.37347494	-0.37347494	-0.37347494	-0.37347494	-0.37347494	-0.37347494	-0.37347494	-0.37347494	-0.37347494	-0.37347494	-0.37347494	-0.37347494	-0.37347494	-0.37347494	-0.37347494	-0.37347494	-0.37347494	-0.37347494	-0.37347494	-0.37347494	-0.37347494	-0.37347494	-0.37347494	-0.37347494	-0.37347494	-0.37347494	-0.37347494
District_of_Columbia	1.01226791	1.01226791	1.01226791	1.01226791	1.01226791	1.01226791	1.01226791	1.01226791	1.01226791	1.01226791	1.01226791	1.01226791	1.01226791	1.01226791	1.01226791	1.01226791	1.01226791	1.01226791	1.01226791	1.01226791	1.01226791	1.01226791	1.01226791	1.01226791	1.01226791	1.01226791	1.01226791	1.01226791	1.01226791	1.01226791	1.01226791	1.01226791	1.01226791
Florida	1.17014338	1.17014338	1.17014338	1.17014338	1.17014338	1.17014338	1.17014338	1.17014338	1.17014338	1.17014338	1.17014338	1.17014338	1.17014338	1.17014338	1.17014338	1.17014338	1.17014338	1.17014338	1.17014338	1.17014338	1.17014338	1.17014338	1.17014338	1.17014338	1.17014338	1.17014338	1.17014338	1.17014338	1.17014338	1.17014338	1.17014338	1.17014338	1.17014338
Georgia	-1.33480602	-1.33480602	-1.33480602	-1.33480602	-1.33480602	-1.33480602	-1.33480602	-1.33480602	-1.33480602	-1.33480602	-1.33480602	-1.33480602	-1.33480602	-1.33480602	-1.33480602	-1.33480602	-1.33480602	-1.33480602	-1.33480602	-1.33480602	-1.33480602	-1.33480602	-1.33480602	-1.33480602	-1.33480602	-1.33480602	-1.33480602	-1.33480602	-1.33480602	-1.33480602	-1.33480602	-1.33480602	-1.33480602
Idaho	-0.65493874	-0.65493874	-0.65493874	-0.65493874	-0.65493874	-0.65493874	-0.65493874	-0.65493874	-0.65493874	-0.65493874	-0.65493874	-0.65493874	-0.65493874	-0.65493874	-0.65493874	-0.65493874	-0.65493874	-0.65493874	-0.65493874	-0.65493874	-0.65493874	-0.65493874	-0.65493874	-0.65493874	-0.65493874	-0.65493874	-0.65493874	-0.65493874	-0.65493874	-0.65493874	-0.65493874	-0.65493874	-0.65493874
Illinois	0.27085879	0.27085879	0.27085879	0.27085879	0.27085879	0.27085879	0.27085879	0.27085879	0.27085879	0.27085879	0.27085879	0.27085879	0.27085879	0.27085879	0.27085879	0.27085879	0.27085879	0.27085879	0.27085879	0.27085879	0.27085879	0.27085879	0.27085879	0.27085879	0.27085879	0.27085879	0.27085879	0.27085879	0.27085879	0.27085879	0.27085879	0.27085879	0.27085879
Indiana	0.62105166	0.62105166	0.62105166	0.62105166	0.62105166	0.62105166	0.62105166	0.62105166	0.62105166	0.62105166	0.62105166	0.62105166	0.62105166	0.62105166	0.62105166	0.62105166	0.62105166	0.62105166	0.62105166	0.62105166	0.62105166	0.62105166	0.62105166	0.62105166	0.62105166	0.62105166	0.62105166	0.62105166	0.62105166	0.62105166	0.62105166	0.62105166	0.62105166
Israel	0.41380678	0.41380678	0.41380678	0.41380678	0.41380678	0.41380678	0.41380678	0.41380678	0.41380678	0.41380678	0.41380678	0.41380678	0.41380678	0.41380678	0.41380678	0.41380678	0.41380678	0.41380678	0.41380678	0.41380678	0.41380678	0.41380678	0.41380678	0.41380678	0.41380678	0.41380678	0.41380678	0.41380678	0.41380678	0.41380678	0.41380678	0.41380678	0.41380678
Louisiana	0.69527057	0.69527057	0.69527057	0.69527057	0.69527057	0.69527057	0.69527057	0.69527057	0.69527057	0.69527057	0.69527057	0.69527057	0.69527057	0.69527057	0.69527057	0.69527057	0.69527057	0.69527057	0.69527057	0.69527057	0.69527057	0.69527057	0.69527057	0.69527057	0.69527057	0.69527057	0.69527057	0.69527057	0.69527057	0.69527057	0.69527057	0.69527057	0.69527057
Massachusetts	-2.91498799	-2.91498799	-2.91498799	-2.91498799	-2.91498799	-2.91498799	-2.91498799	-2.91498799	-2.91498799	-2.91498799	-2.91498799	-2.91498799	-2.91498799	-2.91498799	-2.91498799	-2.91498799	-2.91498799	-2.91498799	-2.91498799	-2.91498799	-2.91498799	-2.91498799	-2.91498799	-2.91498799	-2.91498799	-2.91498799	-2.91498799	-2.91498799	-2.91498799	-2.91498799	-2.91498799	-2.91498799	-2.91498799
Mexico	1.21866311	1.21866311	1.21866311	1.21866311	1.21866311	1.21866311	1.21866311	1.21866311	1.21866311	1.21866311	1.21866311	1.21866311	1.21866311	1.21866311	1.21866311	1.21866311	1.21866311	1.21866311	1.21866311	1.21866311	1.21866311	1.21866311	1.21866311	1.21866311	1.21866311	1.21866311	1.21866311	1.21866311	1.21866311	1.21866311	1.21866311	1.21866311	1.21866311
Mississippi	-0.46049962	-0.46049962	-0.46049962	-0.46049962	-0.46049962	-0.46049962	-0.46049962	-0.46049962	-0.46049962	-0.46049962	-0.46049962	-0.46049962	-0.46049962	-0.46049962	-0.46049962	-0.46049962	-0.46049962	-0.46049962	-0.46049962	-0.46049962	-0.46049962	-0.46049962	-0.46049962	-0.46049962	-0.46049962	-0.46049962	-0.46049962	-0.46049962	-0.46049962	-0.46049962	-0.46049962	-0.46049962	-0.46049962
Nebraska	0.05093684	0.05093684	0.05093684	0.05093684	0.05093684	0.05093684	0.05093684	0.05093684	0.05093684	0.05093684	0.05093684	0.05093684	0.05093684	0.05093684	0.05093684	0.05093684	0.05093684	0.05093684	0.05093684	0.05093684	0.05093684	0.05093684	0.05093684	0.05093684	0.05093684	0.05093684	0.05093684	0.05093684	0.05093684	0.05093684	0.05093684	0.05093684	0.05093684
Nevada	-1.52924513	-1.52924513	-1.52924513	-1.52924513	-1.52924513	-1.52924513	-1.52924513	-1.52924513	-1.52924513	-1.52924513	-1.52924513	-1.52924513	-1.52924513	-1.52924513	-1.52924513	-1.52924513	-1.52924513	-1.52924513	-1.52924513	-1.52924513	-1.52924513	-1.52924513	-1.52924513	-1.52924513	-1.52924513	-1.52924513	-1.52924513	-1.52924513	-1.52924513	-1.52924513	-1.52924513	-1.52924513	-1.52924513
New_Mexico	-0.55397627	-0.55397627	-0.55397627	-0.55397627	-0.55397627	-0.55397627	-0.55397627	-0.55397627	-0.55397627	-0.55397627	-0.55397627	-0.55397627	-0.55397627	-0.55397627	-0.55397627	-0.55397627	-0.55397627	-0.55397627	-0.55397627	-0.55397627	-0.55397627	-0.55397627	-0.55397627	-0.55397627	-0.55397627	-0.55397627	-0.55397627	-0.55397627	-0.55397627	-0.55397627	-0.55397627	-0.55397627	-0.55397627
New_York	-0.21559947	-0.21559947	-0.21559947	-0.21559947	-0.21559947	-0.21559947	-0.21559947	-0.21559947	-0.21559947	-0.21559947	-0.21559947	-0.21559947	-0.21559947	-0.21559947	-0.21559947	-0.21559947	-0.21559947	-0.21559947	-0.21559947	-0.21559947	-0.21559947	-0.21559947	-0.21559947	-0.21559947	-0.21559947	-0.21559947	-0.21559947	-0.21559947	-0.21559947	-0.21559947	-0.21559947	-0.21559947	-0.21559947
North_Dakota	0.21936766	0.21936766	0.21936766	0.21936766	0.21936766	0.21936766	0.21936766	0.21936766	0.21936766	0.21936766	0.21936766	0.21936766	0.21936766	0.21936766	0.21936766	0.21936766	0.21936766	0.21936766	0.21936766	0.21936766	0.21936766	0.21936766	0.21936766	0.21936766	0.21936766	0.21936766	0.21936766	0.21936766	0.21936766	0.21936766	0.21936766	0.21936766	0.21936766
Ohio	-0.14350228	-0.14350228	-0.14350228	-0.14350228	-0.14350228	-0.14350228	-0.14350228	-0.14350228	-0.14350228	-0.14350228	-0.14350228	-0.14350228	-0.14350228	-0.14350228	-0.14350228	-0.14350228	-0.14350228	-0.14350228	-0.14350228	-0.14350228	-0.14350228	-0.14350228	-0.14350228	-0.14350228	-0.14350228	-0.14350228	-0.14350228	-0.14350228	-0.14350228	-0.14350228	-0.14350228	-0.14350228	-0.14350228
South_Dakota	0.45806948	0.45806948	0.45806948	0.45806948	0.45806948	0.45806948	0.45806948	0.45806948	0.45806948	0.45806948	0.45806948	0.45806948	0.45806948	0.45806948	0.45806948	0.45806948	0.45806948	0.45806948	0.45806948	0.45806948	0.45806948	0.45806948	0.45806948	0.45806948	0.45806948	0.45806948	0.45806948	0.45806948	0.45806948	0.45806948	0.45806948	0.45806948	0.45806948
Spain	0.16568477	0.16568477	0.16568477	0.16568477	0.16568477	0.16568477	0.16568477	0.16568477	0.16568477	0.16568477	0.16568477	0.16568477	0.16568477	0.16568477	0.16568477	0.16568477	0.16568477	0.16568477	0.16568477	0.16568477	0.16568477	0.16568477	0.16568477	0.16568477	0.16568477	0.16568477	0.16568477	0.16568477	0.16568477	0.16568477	0.16568477	0.16568477	0.16568477
Texas	-0.01060500	-0.01060500	-0.01060500	-0.01060500	-0.01060500	-0.01060500	-0.01060500	-0.01060500	-0.01060500	-0.01060500	-0.01060500	-0.01060500	-0.01060500	-0.01060500	-0.01060500	-0.01060500	-0.01060500	-0.01060500	-0.01060500	-0.01060500	-0.01060500	-0.01060500	-0.01060500	-0.01060500	-0.01060500	-0.01060500	-0.01060500	-0.01060500	-0.01060500	-0.01060500	-0.01060500	-0.01060500	-0.01060500
Utah	-1.16637519	-1.16637519	-1.16637519	-1.16637519	-1.16637519	-1.16637519	-1.16637519	-1.16637519	-1.16637519	-1.16637519	-1.16637519	-1.16637519	-1.16637519	-1.16637519	-1.16637519	-1.16637519	-1.16637519	-1.16637519	-1.16637519	-1.16637519	-1.16637519	-1.16637519	-1.16637519	-1.16637519	-1.16637519	-1.16637519	-1.16637519	-1.16637519	-1.16637519	-1.16637519	-1.16637519	-1.16637519	-1.16637519
Virginia	-2.04068159	-2.04068159	-2.04068159	-2.04068159	-2.04068159	-2.04068159	-2.04068159	-2.04068159	-2.04068159	-2.04068159	-2.04068159	-2.04068159	-2.04068159	-2.04068159	-2.04068159	-2.04068159	-2.04068159	-2.04068159	-2.04068159	-2.04068159	-2.04068159	-2.04068159	-2.04068159	-2.04068159	-2.04068159	-2.04068159	-2.04068159	-2.04068159	-2.04068159	-2.04068159	-2.04068159	-2.04068159	-2.04068159
Wisconsin	0.58223760	0.58223760	0.58223760	0.58223760	0.58223760	0.58223760	0.58223760	0.58223760	0.58223760	0.58223760	0.58223760	0.58223760	0.58223760	0.58223760	0.58223760	0.58223760	0.58223760	0.58223760	0.58223760	0.58223760	0.58223760	0.58223760	0.58223760	0.58223760	0.58223760	0.58223760	0.58223760	0.58223760	0.58223760	0.58223760	0.58223760	0.58223760	0.58223760
Wyoming	-0.88491140	-0.88491140	-0.88491140	-0.88491140	-0.88491140	-0.88491140	-0.88491140	-0.88491140	-0.88491140	-0.88491140	-0.88491140	-0.88491140	-0.88491140	-0.88491140	-0.88491140	-0.88491140	-0.88491140	-0.88491140	-0.88491140	-0.88491140	-0.88491140	-0.88491140	-0.88491140	-0.88491140	-0.88491140	-0.88491140	-0.88491140	-0.88491140	-0.88491140	-0.88491140	-0.88491140	-0.88491140	-0.88491140
