	hainan	hubei	yunnan	guangdong	jiangsu	zhejiang	hunan	sichuan	shaanxi	heilongjiang	jiangxi	henan	shanxi	tibet	anhui	guizhou	shanghai	ningxia	california	cambodia	sweden	australia	tunisia	greece	belgium	burkina_faso	united_kingdom
hainan	-0.98370347	-0.98370347	-0.98370347	-0.98370347	-0.98370347	-0.98370347	-0.98370347	-0.98370347	-0.98370347	-0.98370347	-0.98370347	-0.98370347	-0.98370347	-0.98370347	-0.98370347	-0.98370347	-0.98370347	-0.98370347	-0.98370347	-0.98370347	-0.98370347	-0.98370347	-0.98370347	-0.98370347	-0.98370347	-0.98370347	-0.98370347
hubei	0.49403570	0.49403570	0.49403570	0.49403570	0.49403570	0.49403570	0.49403570	0.49403570	0.49403570	0.49403570	0.49403570	0.49403570	0.49403570	0.49403570	0.49403570	0.49403570	0.49403570	0.49403570	0.49403570	0.49403570	0.49403570	0.49403570	0.49403570	0.49403570	0.49403570	0.49403570	0.49403570
yunnan	0.02402870	0.02402870	0.02402870	0.02402870	0.02402870	0.02402870	0.02402870	0.02402870	0.02402870	0.02402870	0.02402870	0.02402870	0.02402870	0.02402870	0.02402870	0.02402870	0.02402870	0.02402870	0.02402870	0.02402870	0.02402870	0.02402870	0.02402870	0.02402870	0.02402870	0.02402870	0.02402870
guangdong	1.12121931	1.12121931	1.12121931	1.12121931	1.12121931	1.12121931	1.12121931	1.12121931	1.12121931	1.12121931	1.12121931	1.12121931	1.12121931	1.12121931	1.12121931	1.12121931	1.12121931	1.12121931	1.12121931	1.12121931	1.12121931	1.12121931	1.12121931	1.12121931	1.12121931	1.12121931	1.12121931
jiangsu	1.09696579	1.09696579	1.09696579	1.09696579	1.09696579	1.09696579	1.09696579	1.09696579	1.09696579	1.09696579	1.09696579	1.09696579	1.09696579	1.09696579	1.09696579	1.09696579	1.09696579	1.09696579	1.09696579	1.09696579	1.09696579	1.09696579	1.09696579	1.09696579	1.09696579	1.09696579	1.09696579
zhejiang	0.79109224	0.79109224	0.79109224	0.79109224	0.79109224	0.79109224	0.79109224	0.79109224	0.79109224	0.79109224	0.79109224	0.79109224	0.79109224	0.79109224	0.79109224	0.79109224	0.79109224	0.79109224	0.79109224	0.79109224	0.79109224	0.79109224	0.79109224	0.79109224	0.79109224	0.79109224	0.79109224
hunan	0.40644586	0.40644586	0.40644586	0.40644586	0.40644586	0.40644586	0.40644586	0.40644586	0.40644586	0.40644586	0.40644586	0.40644586	0.40644586	0.40644586	0.40644586	0.40644586	0.40644586	0.40644586	0.40644586	0.40644586	0.40644586	0.40644586	0.40644586	0.40644586	0.40644586	0.40644586	0.40644586
sichuan	0.54892815	0.54892815	0.54892815	0.54892815	0.54892815	0.54892815	0.54892815	0.54892815	0.54892815	0.54892815	0.54892815	0.54892815	0.54892815	0.54892815	0.54892815	0.54892815	0.54892815	0.54892815	0.54892815	0.54892815	0.54892815	0.54892815	0.54892815	0.54892815	0.54892815	0.54892815	0.54892815
shaanxi	0.11135169	0.11135169	0.11135169	0.11135169	0.11135169	0.11135169	0.11135169	0.11135169	0.11135169	0.11135169	0.11135169	0.11135169	0.11135169	0.11135169	0.11135169	0.11135169	0.11135169	0.11135169	0.11135169	0.11135169	0.11135169	0.11135169	0.11135169	0.11135169	0.11135169	0.11135169	0.11135169
heilongjiang	-0.45008185	-0.45008185	-0.45008185	-0.45008185	-0.45008185	-0.45008185	-0.45008185	-0.45008185	-0.45008185	-0.45008185	-0.45008185	-0.45008185	-0.45008185	-0.45008185	-0.45008185	-0.45008185	-0.45008185	-0.45008185	-0.45008185	-0.45008185	-0.45008185	-0.45008185	-0.45008185	-0.45008185	-0.45008185	-0.45008185	-0.45008185
jiangxi	0.08335926	0.08335926	0.08335926	0.08335926	0.08335926	0.08335926	0.08335926	0.08335926	0.08335926	0.08335926	0.08335926	0.08335926	0.08335926	0.08335926	0.08335926	0.08335926	0.08335926	0.08335926	0.08335926	0.08335926	0.08335926	0.08335926	0.08335926	0.08335926	0.08335926	0.08335926	0.08335926
henan	0.53632248	0.53632248	0.53632248	0.53632248	0.53632248	0.53632248	0.53632248	0.53632248	0.53632248	0.53632248	0.53632248	0.53632248	0.53632248	0.53632248	0.53632248	0.53632248	0.53632248	0.53632248	0.53632248	0.53632248	0.53632248	0.53632248	0.53632248	0.53632248	0.53632248	0.53632248	0.53632248
shanxi	-0.13125421	-0.13125421	-0.13125421	-0.13125421	-0.13125421	-0.13125421	-0.13125421	-0.13125421	-0.13125421	-0.13125421	-0.13125421	-0.13125421	-0.13125421	-0.13125421	-0.13125421	-0.13125421	-0.13125421	-0.13125421	-0.13125421	-0.13125421	-0.13125421	-0.13125421	-0.13125421	-0.13125421	-0.13125421	-0.13125421	-0.13125421
tibet	-1.75380779	-1.75380779	-1.75380779	-1.75380779	-1.75380779	-1.75380779	-1.75380779	-1.75380779	-1.75380779	-1.75380779	-1.75380779	-1.75380779	-1.75380779	-1.75380779	-1.75380779	-1.75380779	-1.75380779	-1.75380779	-1.75380779	-1.75380779	-1.75380779	-1.75380779	-1.75380779	-1.75380779	-1.75380779	-1.75380779	-1.75380779
anhui	0.36978348	0.36978348	0.36978348	0.36978348	0.36978348	0.36978348	0.36978348	0.36978348	0.36978348	0.36978348	0.36978348	0.36978348	0.36978348	0.36978348	0.36978348	0.36978348	0.36978348	0.36978348	0.36978348	0.36978348	0.36978348	0.36978348	0.36978348	0.36978348	0.36978348	0.36978348	0.36978348
guizhou	-0.21711733	-0.21711733	-0.21711733	-0.21711733	-0.21711733	-0.21711733	-0.21711733	-0.21711733	-0.21711733	-0.21711733	-0.21711733	-0.21711733	-0.21711733	-0.21711733	-0.21711733	-0.21711733	-0.21711733	-0.21711733	-0.21711733	-0.21711733	-0.21711733	-0.21711733	-0.21711733	-0.21711733	-0.21711733	-0.21711733	-0.21711733
shanghai	0.41593022	0.41593022	0.41593022	0.41593022	0.41593022	0.41593022	0.41593022	0.41593022	0.41593022	0.41593022	0.41593022	0.41593022	0.41593022	0.41593022	0.41593022	0.41593022	0.41593022	0.41593022	0.41593022	0.41593022	0.41593022	0.41593022	0.41593022	0.41593022	0.41593022	0.41593022	0.41593022
ningxia	-1.25111554	-1.25111554	-1.25111554	-1.25111554	-1.25111554	-1.25111554	-1.25111554	-1.25111554	-1.25111554	-1.25111554	-1.25111554	-1.25111554	-1.25111554	-1.25111554	-1.25111554	-1.25111554	-1.25111554	-1.25111554	-1.25111554	-1.25111554	-1.25111554	-1.25111554	-1.25111554	-1.25111554	-1.25111554	-1.25111554	-1.25111554
california	1.65497026	1.65497026	1.65497026	1.65497026	1.65497026	1.65497026	1.65497026	1.65497026	1.65497026	1.65497026	1.65497026	1.65497026	1.65497026	1.65497026	1.65497026	1.65497026	1.65497026	1.65497026	1.65497026	1.65497026	1.65497026	1.65497026	1.65497026	1.65497026	1.65497026	1.65497026	1.65497026
cambodia	-1.69055565	-1.69055565	-1.69055565	-1.69055565	-1.69055565	-1.69055565	-1.69055565	-1.69055565	-1.69055565	-1.69055565	-1.69055565	-1.69055565	-1.69055565	-1.69055565	-1.69055565	-1.69055565	-1.69055565	-1.69055565	-1.69055565	-1.69055565	-1.69055565	-1.69055565	-1.69055565	-1.69055565	-1.69055565	-1.69055565	-1.69055565
sweden	0.22740899	0.22740899	0.22740899	0.22740899	0.22740899	0.22740899	0.22740899	0.22740899	0.22740899	0.22740899	0.22740899	0.22740899	0.22740899	0.22740899	0.22740899	0.22740899	0.22740899	0.22740899	0.22740899	0.22740899	0.22740899	0.22740899	0.22740899	0.22740899	0.22740899	0.22740899	0.22740899
australia	1.01856239	1.01856239	1.01856239	1.01856239	1.01856239	1.01856239	1.01856239	1.01856239	1.01856239	1.01856239	1.01856239	1.01856239	1.01856239	1.01856239	1.01856239	1.01856239	1.01856239	1.01856239	1.01856239	1.01856239	1.01856239	1.01856239	1.01856239	1.01856239	1.01856239	1.01856239	1.01856239
tunisia	-1.59082348	-1.59082348	-1.59082348	-1.59082348	-1.59082348	-1.59082348	-1.59082348	-1.59082348	-1.59082348	-1.59082348	-1.59082348	-1.59082348	-1.59082348	-1.59082348	-1.59082348	-1.59082348	-1.59082348	-1.59082348	-1.59082348	-1.59082348	-1.59082348	-1.59082348	-1.59082348	-1.59082348	-1.59082348	-1.59082348	-1.59082348
greece	-0.41273999	-0.41273999	-0.41273999	-0.41273999	-0.41273999	-0.41273999	-0.41273999	-0.41273999	-0.41273999	-0.41273999	-0.41273999	-0.41273999	-0.41273999	-0.41273999	-0.41273999	-0.41273999	-0.41273999	-0.41273999	-0.41273999	-0.41273999	-0.41273999	-0.41273999	-0.41273999	-0.41273999	-0.41273999	-0.41273999	-0.41273999
belgium	0.29852842	0.29852842	0.29852842	0.29852842	0.29852842	0.29852842	0.29852842	0.29852842	0.29852842	0.29852842	0.29852842	0.29852842	0.29852842	0.29852842	0.29852842	0.29852842	0.29852842	0.29852842	0.29852842	0.29852842	0.29852842	0.29852842	0.29852842	0.29852842	0.29852842	0.29852842	0.29852842
burkina_faso	-2.22651392	-2.22651392	-2.22651392	-2.22651392	-2.22651392	-2.22651392	-2.22651392	-2.22651392	-2.22651392	-2.22651392	-2.22651392	-2.22651392	-2.22651392	-2.22651392	-2.22651392	-2.22651392	-2.22651392	-2.22651392	-2.22651392	-2.22651392	-2.22651392	-2.22651392	-2.22651392	-2.22651392	-2.22651392	-2.22651392	-2.22651392
united_kingdom	1.50878027	1.50878027	1.50878027	1.50878027	1.50878027	1.50878027	1.50878027	1.50878027	1.50878027	1.50878027	1.50878027	1.50878027	1.50878027	1.50878027	1.50878027	1.50878027	1.50878027	1.50878027	1.50878027	1.50878027	1.50878027	1.50878027	1.50878027	1.50878027	1.50878027	1.50878027	1.50878027
