	hainan	hubei	yunnan	guangdong	jiangsu	zhejiang	hunan	sichuan	shaanxi	heilongjiang	jiangxi	henan	shanxi	tibet	anhui	guizhou	shanghai	ningxia	california	cambodia	sweden	australia	tunisia	greece	belgium	burkina_faso	united_kingdom
hainan	-0.00370975	-0.00370975	-0.00370975	-0.00370975	-0.00370975	-0.00370975	-0.00370975	-0.00370975	-0.00370975	-0.00370975	-0.00370975	-0.00370975	-0.00370975	-0.00370975	-0.00370975	-0.00370975	-0.00370975	-0.00370975	-0.00370975	-0.00370975	-0.00370975	-0.00370975	-0.00370975	-0.00370975	-0.00370975	-0.00370975	-0.00370975
hubei	0.95134808	0.95134808	0.95134808	0.95134808	0.95134808	0.95134808	0.95134808	0.95134808	0.95134808	0.95134808	0.95134808	0.95134808	0.95134808	0.95134808	0.95134808	0.95134808	0.95134808	0.95134808	0.95134808	0.95134808	0.95134808	0.95134808	0.95134808	0.95134808	0.95134808	0.95134808	0.95134808
yunnan	0.87179656	0.87179656	0.87179656	0.87179656	0.87179656	0.87179656	0.87179656	0.87179656	0.87179656	0.87179656	0.87179656	0.87179656	0.87179656	0.87179656	0.87179656	0.87179656	0.87179656	0.87179656	0.87179656	0.87179656	0.87179656	0.87179656	0.87179656	0.87179656	0.87179656	0.87179656	0.87179656
guangdong	0.63206901	0.63206901	0.63206901	0.63206901	0.63206901	0.63206901	0.63206901	0.63206901	0.63206901	0.63206901	0.63206901	0.63206901	0.63206901	0.63206901	0.63206901	0.63206901	0.63206901	0.63206901	0.63206901	0.63206901	0.63206901	0.63206901	0.63206901	0.63206901	0.63206901	0.63206901	0.63206901
jiangsu	0.49301357	0.49301357	0.49301357	0.49301357	0.49301357	0.49301357	0.49301357	0.49301357	0.49301357	0.49301357	0.49301357	0.49301357	0.49301357	0.49301357	0.49301357	0.49301357	0.49301357	0.49301357	0.49301357	0.49301357	0.49301357	0.49301357	0.49301357	0.49301357	0.49301357	0.49301357	0.49301357
zhejiang	0.65451596	0.65451596	0.65451596	0.65451596	0.65451596	0.65451596	0.65451596	0.65451596	0.65451596	0.65451596	0.65451596	0.65451596	0.65451596	0.65451596	0.65451596	0.65451596	0.65451596	0.65451596	0.65451596	0.65451596	0.65451596	0.65451596	0.65451596	0.65451596	0.65451596	0.65451596	0.65451596
hunan	1.06897785	1.06897785	1.06897785	1.06897785	1.06897785	1.06897785	1.06897785	1.06897785	1.06897785	1.06897785	1.06897785	1.06897785	1.06897785	1.06897785	1.06897785	1.06897785	1.06897785	1.06897785	1.06897785	1.06897785	1.06897785	1.06897785	1.06897785	1.06897785	1.06897785	1.06897785	1.06897785
sichuan	0.97497991	0.97497991	0.97497991	0.97497991	0.97497991	0.97497991	0.97497991	0.97497991	0.97497991	0.97497991	0.97497991	0.97497991	0.97497991	0.97497991	0.97497991	0.97497991	0.97497991	0.97497991	0.97497991	0.97497991	0.97497991	0.97497991	0.97497991	0.97497991	0.97497991	0.97497991	0.97497991
shaanxi	0.52719464	0.52719464	0.52719464	0.52719464	0.52719464	0.52719464	0.52719464	0.52719464	0.52719464	0.52719464	0.52719464	0.52719464	0.52719464	0.52719464	0.52719464	0.52719464	0.52719464	0.52719464	0.52719464	0.52719464	0.52719464	0.52719464	0.52719464	0.52719464	0.52719464	0.52719464	0.52719464
heilongjiang	0.22054227	0.22054227	0.22054227	0.22054227	0.22054227	0.22054227	0.22054227	0.22054227	0.22054227	0.22054227	0.22054227	0.22054227	0.22054227	0.22054227	0.22054227	0.22054227	0.22054227	0.22054227	0.22054227	0.22054227	0.22054227	0.22054227	0.22054227	0.22054227	0.22054227	0.22054227	0.22054227
jiangxi	0.79108845	0.79108845	0.79108845	0.79108845	0.79108845	0.79108845	0.79108845	0.79108845	0.79108845	0.79108845	0.79108845	0.79108845	0.79108845	0.79108845	0.79108845	0.79108845	0.79108845	0.79108845	0.79108845	0.79108845	0.79108845	0.79108845	0.79108845	0.79108845	0.79108845	0.79108845	0.79108845
henan	1.12549563	1.12549563	1.12549563	1.12549563	1.12549563	1.12549563	1.12549563	1.12549563	1.12549563	1.12549563	1.12549563	1.12549563	1.12549563	1.12549563	1.12549563	1.12549563	1.12549563	1.12549563	1.12549563	1.12549563	1.12549563	1.12549563	1.12549563	1.12549563	1.12549563	1.12549563	1.12549563
shanxi	0.61333747	0.61333747	0.61333747	0.61333747	0.61333747	0.61333747	0.61333747	0.61333747	0.61333747	0.61333747	0.61333747	0.61333747	0.61333747	0.61333747	0.61333747	0.61333747	0.61333747	0.61333747	0.61333747	0.61333747	0.61333747	0.61333747	0.61333747	0.61333747	0.61333747	0.61333747	0.61333747
tibet	-0.60360509	-0.60360509	-0.60360509	-0.60360509	-0.60360509	-0.60360509	-0.60360509	-0.60360509	-0.60360509	-0.60360509	-0.60360509	-0.60360509	-0.60360509	-0.60360509	-0.60360509	-0.60360509	-0.60360509	-0.60360509	-0.60360509	-0.60360509	-0.60360509	-0.60360509	-0.60360509	-0.60360509	-0.60360509	-0.60360509	-0.60360509
anhui	1.09270321	1.09270321	1.09270321	1.09270321	1.09270321	1.09270321	1.09270321	1.09270321	1.09270321	1.09270321	1.09270321	1.09270321	1.09270321	1.09270321	1.09270321	1.09270321	1.09270321	1.09270321	1.09270321	1.09270321	1.09270321	1.09270321	1.09270321	1.09270321	1.09270321	1.09270321	1.09270321
guizhou	0.86840125	0.86840125	0.86840125	0.86840125	0.86840125	0.86840125	0.86840125	0.86840125	0.86840125	0.86840125	0.86840125	0.86840125	0.86840125	0.86840125	0.86840125	0.86840125	0.86840125	0.86840125	0.86840125	0.86840125	0.86840125	0.86840125	0.86840125	0.86840125	0.86840125	0.86840125	0.86840125
shanghai	-1.02153976	-1.02153976	-1.02153976	-1.02153976	-1.02153976	-1.02153976	-1.02153976	-1.02153976	-1.02153976	-1.02153976	-1.02153976	-1.02153976	-1.02153976	-1.02153976	-1.02153976	-1.02153976	-1.02153976	-1.02153976	-1.02153976	-1.02153976	-1.02153976	-1.02153976	-1.02153976	-1.02153976	-1.02153976	-1.02153976	-1.02153976
ningxia	-0.25838843	-0.25838843	-0.25838843	-0.25838843	-0.25838843	-0.25838843	-0.25838843	-0.25838843	-0.25838843	-0.25838843	-0.25838843	-0.25838843	-0.25838843	-0.25838843	-0.25838843	-0.25838843	-0.25838843	-0.25838843	-0.25838843	-0.25838843	-0.25838843	-0.25838843	-0.25838843	-0.25838843	-0.25838843	-0.25838843	-0.25838843
california	-1.10688372	-1.10688372	-1.10688372	-1.10688372	-1.10688372	-1.10688372	-1.10688372	-1.10688372	-1.10688372	-1.10688372	-1.10688372	-1.10688372	-1.10688372	-1.10688372	-1.10688372	-1.10688372	-1.10688372	-1.10688372	-1.10688372	-1.10688372	-1.10688372	-1.10688372	-1.10688372	-1.10688372	-1.10688372	-1.10688372	-1.10688372
cambodia	-3.10041095	-3.10041095	-3.10041095	-3.10041095	-3.10041095	-3.10041095	-3.10041095	-3.10041095	-3.10041095	-3.10041095	-3.10041095	-3.10041095	-3.10041095	-3.10041095	-3.10041095	-3.10041095	-3.10041095	-3.10041095	-3.10041095	-3.10041095	-3.10041095	-3.10041095	-3.10041095	-3.10041095	-3.10041095	-3.10041095	-3.10041095
sweden	-0.42392027	-0.42392027	-0.42392027	-0.42392027	-0.42392027	-0.42392027	-0.42392027	-0.42392027	-0.42392027	-0.42392027	-0.42392027	-0.42392027	-0.42392027	-0.42392027	-0.42392027	-0.42392027	-0.42392027	-0.42392027	-0.42392027	-0.42392027	-0.42392027	-0.42392027	-0.42392027	-0.42392027	-0.42392027	-0.42392027	-0.42392027
australia	-0.67512983	-0.67512983	-0.67512983	-0.67512983	-0.67512983	-0.67512983	-0.67512983	-0.67512983	-0.67512983	-0.67512983	-0.67512983	-0.67512983	-0.67512983	-0.67512983	-0.67512983	-0.67512983	-0.67512983	-0.67512983	-0.67512983	-0.67512983	-0.67512983	-0.67512983	-0.67512983	-0.67512983	-0.67512983	-0.67512983	-0.67512983
tunisia	-0.89628831	-0.89628831	-0.89628831	-0.89628831	-0.89628831	-0.89628831	-0.89628831	-0.89628831	-0.89628831	-0.89628831	-0.89628831	-0.89628831	-0.89628831	-0.89628831	-0.89628831	-0.89628831	-0.89628831	-0.89628831	-0.89628831	-0.89628831	-0.89628831	-0.89628831	-0.89628831	-0.89628831	-0.89628831	-0.89628831	-0.89628831
greece	-1.34187043	-1.34187043	-1.34187043	-1.34187043	-1.34187043	-1.34187043	-1.34187043	-1.34187043	-1.34187043	-1.34187043	-1.34187043	-1.34187043	-1.34187043	-1.34187043	-1.34187043	-1.34187043	-1.34187043	-1.34187043	-1.34187043	-1.34187043	-1.34187043	-1.34187043	-1.34187043	-1.34187043	-1.34187043	-1.34187043	-1.34187043
belgium	0.02546773	0.02546773	0.02546773	0.02546773	0.02546773	0.02546773	0.02546773	0.02546773	0.02546773	0.02546773	0.02546773	0.02546773	0.02546773	0.02546773	0.02546773	0.02546773	0.02546773	0.02546773	0.02546773	0.02546773	0.02546773	0.02546773	0.02546773	0.02546773	0.02546773	0.02546773	0.02546773
burkina_faso	-1.43984391	-1.43984391	-1.43984391	-1.43984391	-1.43984391	-1.43984391	-1.43984391	-1.43984391	-1.43984391	-1.43984391	-1.43984391	-1.43984391	-1.43984391	-1.43984391	-1.43984391	-1.43984391	-1.43984391	-1.43984391	-1.43984391	-1.43984391	-1.43984391	-1.43984391	-1.43984391	-1.43984391	-1.43984391	-1.43984391	-1.43984391
united_kingdom	-0.03934113	-0.03934113	-0.03934113	-0.03934113	-0.03934113	-0.03934113	-0.03934113	-0.03934113	-0.03934113	-0.03934113	-0.03934113	-0.03934113	-0.03934113	-0.03934113	-0.03934113	-0.03934113	-0.03934113	-0.03934113	-0.03934113	-0.03934113	-0.03934113	-0.03934113	-0.03934113	-0.03934113	-0.03934113	-0.03934113	-0.03934113
