	hainan	hubei	yunnan	guangdong	jiangsu	zhejiang	hunan	sichuan	shaanxi	heilongjiang	jiangxi	henan	shanxi	tibet	anhui	guizhou	shanghai	ningxia	california	cambodia	sweden	australia	tunisia	greece	belgium	burkina_faso	united_kingdom
hainan	-0.15250486	-0.15250486	-0.15250486	-0.15250486	-0.15250486	-0.15250486	-0.15250486	-0.15250486	-0.15250486	-0.15250486	-0.15250486	-0.15250486	-0.15250486	-0.15250486	-0.15250486	-0.15250486	-0.15250486	-0.15250486	-0.15250486	-0.15250486	-0.15250486	-0.15250486	-0.15250486	-0.15250486	-0.15250486	-0.15250486	-0.15250486
hubei	0.67169502	0.67169502	0.67169502	0.67169502	0.67169502	0.67169502	0.67169502	0.67169502	0.67169502	0.67169502	0.67169502	0.67169502	0.67169502	0.67169502	0.67169502	0.67169502	0.67169502	0.67169502	0.67169502	0.67169502	0.67169502	0.67169502	0.67169502	0.67169502	0.67169502	0.67169502	0.67169502
yunnan	1.15249183	1.15249183	1.15249183	1.15249183	1.15249183	1.15249183	1.15249183	1.15249183	1.15249183	1.15249183	1.15249183	1.15249183	1.15249183	1.15249183	1.15249183	1.15249183	1.15249183	1.15249183	1.15249183	1.15249183	1.15249183	1.15249183	1.15249183	1.15249183	1.15249183	1.15249183	1.15249183
guangdong	0.25919147	0.25919147	0.25919147	0.25919147	0.25919147	0.25919147	0.25919147	0.25919147	0.25919147	0.25919147	0.25919147	0.25919147	0.25919147	0.25919147	0.25919147	0.25919147	0.25919147	0.25919147	0.25919147	0.25919147	0.25919147	0.25919147	0.25919147	0.25919147	0.25919147	0.25919147	0.25919147
jiangsu	-2.14188181	-2.14188181	-2.14188181	-2.14188181	-2.14188181	-2.14188181	-2.14188181	-2.14188181	-2.14188181	-2.14188181	-2.14188181	-2.14188181	-2.14188181	-2.14188181	-2.14188181	-2.14188181	-2.14188181	-2.14188181	-2.14188181	-2.14188181	-2.14188181	-2.14188181	-2.14188181	-2.14188181	-2.14188181	-2.14188181	-2.14188181
zhejiang	0.56940290	0.56940290	0.56940290	0.56940290	0.56940290	0.56940290	0.56940290	0.56940290	0.56940290	0.56940290	0.56940290	0.56940290	0.56940290	0.56940290	0.56940290	0.56940290	0.56940290	0.56940290	0.56940290	0.56940290	0.56940290	0.56940290	0.56940290	0.56940290	0.56940290	0.56940290	0.56940290
hunan	0.66548681	0.66548681	0.66548681	0.66548681	0.66548681	0.66548681	0.66548681	0.66548681	0.66548681	0.66548681	0.66548681	0.66548681	0.66548681	0.66548681	0.66548681	0.66548681	0.66548681	0.66548681	0.66548681	0.66548681	0.66548681	0.66548681	0.66548681	0.66548681	0.66548681	0.66548681	0.66548681
sichuan	0.71777182	0.71777182	0.71777182	0.71777182	0.71777182	0.71777182	0.71777182	0.71777182	0.71777182	0.71777182	0.71777182	0.71777182	0.71777182	0.71777182	0.71777182	0.71777182	0.71777182	0.71777182	0.71777182	0.71777182	0.71777182	0.71777182	0.71777182	0.71777182	0.71777182	0.71777182	0.71777182
shaanxi	0.87436158	0.87436158	0.87436158	0.87436158	0.87436158	0.87436158	0.87436158	0.87436158	0.87436158	0.87436158	0.87436158	0.87436158	0.87436158	0.87436158	0.87436158	0.87436158	0.87436158	0.87436158	0.87436158	0.87436158	0.87436158	0.87436158	0.87436158	0.87436158	0.87436158	0.87436158	0.87436158
heilongjiang	0.92961109	0.92961109	0.92961109	0.92961109	0.92961109	0.92961109	0.92961109	0.92961109	0.92961109	0.92961109	0.92961109	0.92961109	0.92961109	0.92961109	0.92961109	0.92961109	0.92961109	0.92961109	0.92961109	0.92961109	0.92961109	0.92961109	0.92961109	0.92961109	0.92961109	0.92961109	0.92961109
jiangxi	0.53588040	0.53588040	0.53588040	0.53588040	0.53588040	0.53588040	0.53588040	0.53588040	0.53588040	0.53588040	0.53588040	0.53588040	0.53588040	0.53588040	0.53588040	0.53588040	0.53588040	0.53588040	0.53588040	0.53588040	0.53588040	0.53588040	0.53588040	0.53588040	0.53588040	0.53588040	0.53588040
henan	-0.09935569	-0.09935569	-0.09935569	-0.09935569	-0.09935569	-0.09935569	-0.09935569	-0.09935569	-0.09935569	-0.09935569	-0.09935569	-0.09935569	-0.09935569	-0.09935569	-0.09935569	-0.09935569	-0.09935569	-0.09935569	-0.09935569	-0.09935569	-0.09935569	-0.09935569	-0.09935569	-0.09935569	-0.09935569	-0.09935569	-0.09935569
shanxi	-1.37512113	-1.37512113	-1.37512113	-1.37512113	-1.37512113	-1.37512113	-1.37512113	-1.37512113	-1.37512113	-1.37512113	-1.37512113	-1.37512113	-1.37512113	-1.37512113	-1.37512113	-1.37512113	-1.37512113	-1.37512113	-1.37512113	-1.37512113	-1.37512113	-1.37512113	-1.37512113	-1.37512113	-1.37512113	-1.37512113	-1.37512113
tibet	-0.88340476	-0.88340476	-0.88340476	-0.88340476	-0.88340476	-0.88340476	-0.88340476	-0.88340476	-0.88340476	-0.88340476	-0.88340476	-0.88340476	-0.88340476	-0.88340476	-0.88340476	-0.88340476	-0.88340476	-0.88340476	-0.88340476	-0.88340476	-0.88340476	-0.88340476	-0.88340476	-0.88340476	-0.88340476	-0.88340476	-0.88340476
anhui	-0.54589981	-0.54589981	-0.54589981	-0.54589981	-0.54589981	-0.54589981	-0.54589981	-0.54589981	-0.54589981	-0.54589981	-0.54589981	-0.54589981	-0.54589981	-0.54589981	-0.54589981	-0.54589981	-0.54589981	-0.54589981	-0.54589981	-0.54589981	-0.54589981	-0.54589981	-0.54589981	-0.54589981	-0.54589981	-0.54589981	-0.54589981
guizhou	1.06002986	1.06002986	1.06002986	1.06002986	1.06002986	1.06002986	1.06002986	1.06002986	1.06002986	1.06002986	1.06002986	1.06002986	1.06002986	1.06002986	1.06002986	1.06002986	1.06002986	1.06002986	1.06002986	1.06002986	1.06002986	1.06002986	1.06002986	1.06002986	1.06002986	1.06002986	1.06002986
shanghai	-1.90072277	-1.90072277	-1.90072277	-1.90072277	-1.90072277	-1.90072277	-1.90072277	-1.90072277	-1.90072277	-1.90072277	-1.90072277	-1.90072277	-1.90072277	-1.90072277	-1.90072277	-1.90072277	-1.90072277	-1.90072277	-1.90072277	-1.90072277	-1.90072277	-1.90072277	-1.90072277	-1.90072277	-1.90072277	-1.90072277	-1.90072277
ningxia	-2.24907024	-2.24907024	-2.24907024	-2.24907024	-2.24907024	-2.24907024	-2.24907024	-2.24907024	-2.24907024	-2.24907024	-2.24907024	-2.24907024	-2.24907024	-2.24907024	-2.24907024	-2.24907024	-2.24907024	-2.24907024	-2.24907024	-2.24907024	-2.24907024	-2.24907024	-2.24907024	-2.24907024	-2.24907024	-2.24907024	-2.24907024
california	0.70132553	0.70132553	0.70132553	0.70132553	0.70132553	0.70132553	0.70132553	0.70132553	0.70132553	0.70132553	0.70132553	0.70132553	0.70132553	0.70132553	0.70132553	0.70132553	0.70132553	0.70132553	0.70132553	0.70132553	0.70132553	0.70132553	0.70132553	0.70132553	0.70132553	0.70132553	0.70132553
cambodia	0.86330194	0.86330194	0.86330194	0.86330194	0.86330194	0.86330194	0.86330194	0.86330194	0.86330194	0.86330194	0.86330194	0.86330194	0.86330194	0.86330194	0.86330194	0.86330194	0.86330194	0.86330194	0.86330194	0.86330194	0.86330194	0.86330194	0.86330194	0.86330194	0.86330194	0.86330194	0.86330194
sweden	0.85644583	0.85644583	0.85644583	0.85644583	0.85644583	0.85644583	0.85644583	0.85644583	0.85644583	0.85644583	0.85644583	0.85644583	0.85644583	0.85644583	0.85644583	0.85644583	0.85644583	0.85644583	0.85644583	0.85644583	0.85644583	0.85644583	0.85644583	0.85644583	0.85644583	0.85644583	0.85644583
australia	0.04591040	0.04591040	0.04591040	0.04591040	0.04591040	0.04591040	0.04591040	0.04591040	0.04591040	0.04591040	0.04591040	0.04591040	0.04591040	0.04591040	0.04591040	0.04591040	0.04591040	0.04591040	0.04591040	0.04591040	0.04591040	0.04591040	0.04591040	0.04591040	0.04591040	0.04591040	0.04591040
tunisia	-1.43382833	-1.43382833	-1.43382833	-1.43382833	-1.43382833	-1.43382833	-1.43382833	-1.43382833	-1.43382833	-1.43382833	-1.43382833	-1.43382833	-1.43382833	-1.43382833	-1.43382833	-1.43382833	-1.43382833	-1.43382833	-1.43382833	-1.43382833	-1.43382833	-1.43382833	-1.43382833	-1.43382833	-1.43382833	-1.43382833	-1.43382833
greece	0.57287060	0.57287060	0.57287060	0.57287060	0.57287060	0.57287060	0.57287060	0.57287060	0.57287060	0.57287060	0.57287060	0.57287060	0.57287060	0.57287060	0.57287060	0.57287060	0.57287060	0.57287060	0.57287060	0.57287060	0.57287060	0.57287060	0.57287060	0.57287060	0.57287060	0.57287060	0.57287060
belgium	0.02770378	0.02770378	0.02770378	0.02770378	0.02770378	0.02770378	0.02770378	0.02770378	0.02770378	0.02770378	0.02770378	0.02770378	0.02770378	0.02770378	0.02770378	0.02770378	0.02770378	0.02770378	0.02770378	0.02770378	0.02770378	0.02770378	0.02770378	0.02770378	0.02770378	0.02770378	0.02770378
burkina_faso	-0.15587881	-0.15587881	-0.15587881	-0.15587881	-0.15587881	-0.15587881	-0.15587881	-0.15587881	-0.15587881	-0.15587881	-0.15587881	-0.15587881	-0.15587881	-0.15587881	-0.15587881	-0.15587881	-0.15587881	-0.15587881	-0.15587881	-0.15587881	-0.15587881	-0.15587881	-0.15587881	-0.15587881	-0.15587881	-0.15587881	-0.15587881
united_kingdom	0.43418732	0.43418732	0.43418732	0.43418732	0.43418732	0.43418732	0.43418732	0.43418732	0.43418732	0.43418732	0.43418732	0.43418732	0.43418732	0.43418732	0.43418732	0.43418732	0.43418732	0.43418732	0.43418732	0.43418732	0.43418732	0.43418732	0.43418732	0.43418732	0.43418732	0.43418732	0.43418732
