	hainan	hubei	yunnan	guangdong	jiangsu	zhejiang	hunan	sichuan	shaanxi	heilongjiang	jiangxi	henan	shanxi	tibet	anhui	guizhou	shanghai	ningxia	california	cambodia	sweden	australia	tunisia	greece	belgium	burkina_faso	united_kingdom
hainan	-0.32722044	-0.32722044	-0.32722044	-0.32722044	-0.32722044	-0.32722044	-0.32722044	-0.32722044	-0.32722044	-0.32722044	-0.32722044	-0.32722044	-0.32722044	-0.32722044	-0.32722044	-0.32722044	-0.32722044	-0.32722044	-0.32722044	-0.32722044	-0.32722044	-0.32722044	-0.32722044	-0.32722044	-0.32722044	-0.32722044	-0.32722044
hubei	-0.30035796	-0.30035796	-0.30035796	-0.30035796	-0.30035796	-0.30035796	-0.30035796	-0.30035796	-0.30035796	-0.30035796	-0.30035796	-0.30035796	-0.30035796	-0.30035796	-0.30035796	-0.30035796	-0.30035796	-0.30035796	-0.30035796	-0.30035796	-0.30035796	-0.30035796	-0.30035796	-0.30035796	-0.30035796	-0.30035796	-0.30035796
yunnan	0.28882090	0.28882090	0.28882090	0.28882090	0.28882090	0.28882090	0.28882090	0.28882090	0.28882090	0.28882090	0.28882090	0.28882090	0.28882090	0.28882090	0.28882090	0.28882090	0.28882090	0.28882090	0.28882090	0.28882090	0.28882090	0.28882090	0.28882090	0.28882090	0.28882090	0.28882090	0.28882090
guangdong	1.22384524	1.22384524	1.22384524	1.22384524	1.22384524	1.22384524	1.22384524	1.22384524	1.22384524	1.22384524	1.22384524	1.22384524	1.22384524	1.22384524	1.22384524	1.22384524	1.22384524	1.22384524	1.22384524	1.22384524	1.22384524	1.22384524	1.22384524	1.22384524	1.22384524	1.22384524	1.22384524
jiangsu	0.19158207	0.19158207	0.19158207	0.19158207	0.19158207	0.19158207	0.19158207	0.19158207	0.19158207	0.19158207	0.19158207	0.19158207	0.19158207	0.19158207	0.19158207	0.19158207	0.19158207	0.19158207	0.19158207	0.19158207	0.19158207	0.19158207	0.19158207	0.19158207	0.19158207	0.19158207	0.19158207
zhejiang	0.69889035	0.69889035	0.69889035	0.69889035	0.69889035	0.69889035	0.69889035	0.69889035	0.69889035	0.69889035	0.69889035	0.69889035	0.69889035	0.69889035	0.69889035	0.69889035	0.69889035	0.69889035	0.69889035	0.69889035	0.69889035	0.69889035	0.69889035	0.69889035	0.69889035	0.69889035	0.69889035
hunan	0.42942791	0.42942791	0.42942791	0.42942791	0.42942791	0.42942791	0.42942791	0.42942791	0.42942791	0.42942791	0.42942791	0.42942791	0.42942791	0.42942791	0.42942791	0.42942791	0.42942791	0.42942791	0.42942791	0.42942791	0.42942791	0.42942791	0.42942791	0.42942791	0.42942791	0.42942791	0.42942791
sichuan	0.42288319	0.42288319	0.42288319	0.42288319	0.42288319	0.42288319	0.42288319	0.42288319	0.42288319	0.42288319	0.42288319	0.42288319	0.42288319	0.42288319	0.42288319	0.42288319	0.42288319	0.42288319	0.42288319	0.42288319	0.42288319	0.42288319	0.42288319	0.42288319	0.42288319	0.42288319	0.42288319
shaanxi	-1.21048004	-1.21048004	-1.21048004	-1.21048004	-1.21048004	-1.21048004	-1.21048004	-1.21048004	-1.21048004	-1.21048004	-1.21048004	-1.21048004	-1.21048004	-1.21048004	-1.21048004	-1.21048004	-1.21048004	-1.21048004	-1.21048004	-1.21048004	-1.21048004	-1.21048004	-1.21048004	-1.21048004	-1.21048004	-1.21048004	-1.21048004
heilongjiang	-0.40333723	-0.40333723	-0.40333723	-0.40333723	-0.40333723	-0.40333723	-0.40333723	-0.40333723	-0.40333723	-0.40333723	-0.40333723	-0.40333723	-0.40333723	-0.40333723	-0.40333723	-0.40333723	-0.40333723	-0.40333723	-0.40333723	-0.40333723	-0.40333723	-0.40333723	-0.40333723	-0.40333723	-0.40333723	-0.40333723	-0.40333723
jiangxi	0.80181542	0.80181542	0.80181542	0.80181542	0.80181542	0.80181542	0.80181542	0.80181542	0.80181542	0.80181542	0.80181542	0.80181542	0.80181542	0.80181542	0.80181542	0.80181542	0.80181542	0.80181542	0.80181542	0.80181542	0.80181542	0.80181542	0.80181542	0.80181542	0.80181542	0.80181542	0.80181542
henan	-1.05365164	-1.05365164	-1.05365164	-1.05365164	-1.05365164	-1.05365164	-1.05365164	-1.05365164	-1.05365164	-1.05365164	-1.05365164	-1.05365164	-1.05365164	-1.05365164	-1.05365164	-1.05365164	-1.05365164	-1.05365164	-1.05365164	-1.05365164	-1.05365164	-1.05365164	-1.05365164	-1.05365164	-1.05365164	-1.05365164	-1.05365164
shanxi	-1.33981431	-1.33981431	-1.33981431	-1.33981431	-1.33981431	-1.33981431	-1.33981431	-1.33981431	-1.33981431	-1.33981431	-1.33981431	-1.33981431	-1.33981431	-1.33981431	-1.33981431	-1.33981431	-1.33981431	-1.33981431	-1.33981431	-1.33981431	-1.33981431	-1.33981431	-1.33981431	-1.33981431	-1.33981431	-1.33981431	-1.33981431
tibet	-1.72115955	-1.72115955	-1.72115955	-1.72115955	-1.72115955	-1.72115955	-1.72115955	-1.72115955	-1.72115955	-1.72115955	-1.72115955	-1.72115955	-1.72115955	-1.72115955	-1.72115955	-1.72115955	-1.72115955	-1.72115955	-1.72115955	-1.72115955	-1.72115955	-1.72115955	-1.72115955	-1.72115955	-1.72115955	-1.72115955	-1.72115955
anhui	0.64597584	0.64597584	0.64597584	0.64597584	0.64597584	0.64597584	0.64597584	0.64597584	0.64597584	0.64597584	0.64597584	0.64597584	0.64597584	0.64597584	0.64597584	0.64597584	0.64597584	0.64597584	0.64597584	0.64597584	0.64597584	0.64597584	0.64597584	0.64597584	0.64597584	0.64597584	0.64597584
guizhou	1.11347506	1.11347506	1.11347506	1.11347506	1.11347506	1.11347506	1.11347506	1.11347506	1.11347506	1.11347506	1.11347506	1.11347506	1.11347506	1.11347506	1.11347506	1.11347506	1.11347506	1.11347506	1.11347506	1.11347506	1.11347506	1.11347506	1.11347506	1.11347506	1.11347506	1.11347506	1.11347506
shanghai	0.46605040	0.46605040	0.46605040	0.46605040	0.46605040	0.46605040	0.46605040	0.46605040	0.46605040	0.46605040	0.46605040	0.46605040	0.46605040	0.46605040	0.46605040	0.46605040	0.46605040	0.46605040	0.46605040	0.46605040	0.46605040	0.46605040	0.46605040	0.46605040	0.46605040	0.46605040	0.46605040
ningxia	-1.39566826	-1.39566826	-1.39566826	-1.39566826	-1.39566826	-1.39566826	-1.39566826	-1.39566826	-1.39566826	-1.39566826	-1.39566826	-1.39566826	-1.39566826	-1.39566826	-1.39566826	-1.39566826	-1.39566826	-1.39566826	-1.39566826	-1.39566826	-1.39566826	-1.39566826	-1.39566826	-1.39566826	-1.39566826	-1.39566826	-1.39566826
california	-0.88636335	-0.88636335	-0.88636335	-0.88636335	-0.88636335	-0.88636335	-0.88636335	-0.88636335	-0.88636335	-0.88636335	-0.88636335	-0.88636335	-0.88636335	-0.88636335	-0.88636335	-0.88636335	-0.88636335	-0.88636335	-0.88636335	-0.88636335	-0.88636335	-0.88636335	-0.88636335	-0.88636335	-0.88636335	-0.88636335	-0.88636335
cambodia	1.77274003	1.77274003	1.77274003	1.77274003	1.77274003	1.77274003	1.77274003	1.77274003	1.77274003	1.77274003	1.77274003	1.77274003	1.77274003	1.77274003	1.77274003	1.77274003	1.77274003	1.77274003	1.77274003	1.77274003	1.77274003	1.77274003	1.77274003	1.77274003	1.77274003	1.77274003	1.77274003
sweden	0.56944349	0.56944349	0.56944349	0.56944349	0.56944349	0.56944349	0.56944349	0.56944349	0.56944349	0.56944349	0.56944349	0.56944349	0.56944349	0.56944349	0.56944349	0.56944349	0.56944349	0.56944349	0.56944349	0.56944349	0.56944349	0.56944349	0.56944349	0.56944349	0.56944349	0.56944349	0.56944349
australia	-0.18754134	-0.18754134	-0.18754134	-0.18754134	-0.18754134	-0.18754134	-0.18754134	-0.18754134	-0.18754134	-0.18754134	-0.18754134	-0.18754134	-0.18754134	-0.18754134	-0.18754134	-0.18754134	-0.18754134	-0.18754134	-0.18754134	-0.18754134	-0.18754134	-0.18754134	-0.18754134	-0.18754134	-0.18754134	-0.18754134	-0.18754134
tunisia	-2.39413283	-2.39413283	-2.39413283	-2.39413283	-2.39413283	-2.39413283	-2.39413283	-2.39413283	-2.39413283	-2.39413283	-2.39413283	-2.39413283	-2.39413283	-2.39413283	-2.39413283	-2.39413283	-2.39413283	-2.39413283	-2.39413283	-2.39413283	-2.39413283	-2.39413283	-2.39413283	-2.39413283	-2.39413283	-2.39413283	-2.39413283
greece	0.23845820	0.23845820	0.23845820	0.23845820	0.23845820	0.23845820	0.23845820	0.23845820	0.23845820	0.23845820	0.23845820	0.23845820	0.23845820	0.23845820	0.23845820	0.23845820	0.23845820	0.23845820	0.23845820	0.23845820	0.23845820	0.23845820	0.23845820	0.23845820	0.23845820	0.23845820	0.23845820
belgium	1.04337154	1.04337154	1.04337154	1.04337154	1.04337154	1.04337154	1.04337154	1.04337154	1.04337154	1.04337154	1.04337154	1.04337154	1.04337154	1.04337154	1.04337154	1.04337154	1.04337154	1.04337154	1.04337154	1.04337154	1.04337154	1.04337154	1.04337154	1.04337154	1.04337154	1.04337154	1.04337154
burkina_faso	0.24089024	0.24089024	0.24089024	0.24089024	0.24089024	0.24089024	0.24089024	0.24089024	0.24089024	0.24089024	0.24089024	0.24089024	0.24089024	0.24089024	0.24089024	0.24089024	0.24089024	0.24089024	0.24089024	0.24089024	0.24089024	0.24089024	0.24089024	0.24089024	0.24089024	0.24089024	0.24089024
united_kingdom	1.07205704	1.07205704	1.07205704	1.07205704	1.07205704	1.07205704	1.07205704	1.07205704	1.07205704	1.07205704	1.07205704	1.07205704	1.07205704	1.07205704	1.07205704	1.07205704	1.07205704	1.07205704	1.07205704	1.07205704	1.07205704	1.07205704	1.07205704	1.07205704	1.07205704	1.07205704	1.07205704
