	hainan	hubei	yunnan	guangdong	jiangsu	zhejiang	hunan	sichuan	shaanxi	heilongjiang	jiangxi	henan	shanxi	tibet	anhui	guizhou	shanghai	ningxia	california	cambodia	sweden	australia	tunisia	greece	belgium	burkina_faso	united_kingdom
hainan	-1.39242805	-1.39242805	-1.39242805	-1.39242805	-1.39242805	-1.39242805	-1.39242805	-1.39242805	-1.39242805	-1.39242805	-1.39242805	-1.39242805	-1.39242805	-1.39242805	-1.39242805	-1.39242805	-1.39242805	-1.39242805	-1.39242805	-1.39242805	-1.39242805	-1.39242805	-1.39242805	-1.39242805	-1.39242805	-1.39242805	-1.39242805
hubei	-0.01341307	-0.01341307	-0.01341307	-0.01341307	-0.01341307	-0.01341307	-0.01341307	-0.01341307	-0.01341307	-0.01341307	-0.01341307	-0.01341307	-0.01341307	-0.01341307	-0.01341307	-0.01341307	-0.01341307	-0.01341307	-0.01341307	-0.01341307	-0.01341307	-0.01341307	-0.01341307	-0.01341307	-0.01341307	-0.01341307	-0.01341307
yunnan	0.59547102	0.59547102	0.59547102	0.59547102	0.59547102	0.59547102	0.59547102	0.59547102	0.59547102	0.59547102	0.59547102	0.59547102	0.59547102	0.59547102	0.59547102	0.59547102	0.59547102	0.59547102	0.59547102	0.59547102	0.59547102	0.59547102	0.59547102	0.59547102	0.59547102	0.59547102	0.59547102
guangdong	-0.04045811	-0.04045811	-0.04045811	-0.04045811	-0.04045811	-0.04045811	-0.04045811	-0.04045811	-0.04045811	-0.04045811	-0.04045811	-0.04045811	-0.04045811	-0.04045811	-0.04045811	-0.04045811	-0.04045811	-0.04045811	-0.04045811	-0.04045811	-0.04045811	-0.04045811	-0.04045811	-0.04045811	-0.04045811	-0.04045811	-0.04045811
jiangsu	-0.49521679	-0.49521679	-0.49521679	-0.49521679	-0.49521679	-0.49521679	-0.49521679	-0.49521679	-0.49521679	-0.49521679	-0.49521679	-0.49521679	-0.49521679	-0.49521679	-0.49521679	-0.49521679	-0.49521679	-0.49521679	-0.49521679	-0.49521679	-0.49521679	-0.49521679	-0.49521679	-0.49521679	-0.49521679	-0.49521679	-0.49521679
zhejiang	-0.50156211	-0.50156211	-0.50156211	-0.50156211	-0.50156211	-0.50156211	-0.50156211	-0.50156211	-0.50156211	-0.50156211	-0.50156211	-0.50156211	-0.50156211	-0.50156211	-0.50156211	-0.50156211	-0.50156211	-0.50156211	-0.50156211	-0.50156211	-0.50156211	-0.50156211	-0.50156211	-0.50156211	-0.50156211	-0.50156211	-0.50156211
hunan	0.09231781	0.09231781	0.09231781	0.09231781	0.09231781	0.09231781	0.09231781	0.09231781	0.09231781	0.09231781	0.09231781	0.09231781	0.09231781	0.09231781	0.09231781	0.09231781	0.09231781	0.09231781	0.09231781	0.09231781	0.09231781	0.09231781	0.09231781	0.09231781	0.09231781	0.09231781	0.09231781
sichuan	0.76391438	0.76391438	0.76391438	0.76391438	0.76391438	0.76391438	0.76391438	0.76391438	0.76391438	0.76391438	0.76391438	0.76391438	0.76391438	0.76391438	0.76391438	0.76391438	0.76391438	0.76391438	0.76391438	0.76391438	0.76391438	0.76391438	0.76391438	0.76391438	0.76391438	0.76391438	0.76391438
shaanxi	0.06586558	0.06586558	0.06586558	0.06586558	0.06586558	0.06586558	0.06586558	0.06586558	0.06586558	0.06586558	0.06586558	0.06586558	0.06586558	0.06586558	0.06586558	0.06586558	0.06586558	0.06586558	0.06586558	0.06586558	0.06586558	0.06586558	0.06586558	0.06586558	0.06586558	0.06586558	0.06586558
heilongjiang	0.72733411	0.72733411	0.72733411	0.72733411	0.72733411	0.72733411	0.72733411	0.72733411	0.72733411	0.72733411	0.72733411	0.72733411	0.72733411	0.72733411	0.72733411	0.72733411	0.72733411	0.72733411	0.72733411	0.72733411	0.72733411	0.72733411	0.72733411	0.72733411	0.72733411	0.72733411	0.72733411
jiangxi	-0.10080835	-0.10080835	-0.10080835	-0.10080835	-0.10080835	-0.10080835	-0.10080835	-0.10080835	-0.10080835	-0.10080835	-0.10080835	-0.10080835	-0.10080835	-0.10080835	-0.10080835	-0.10080835	-0.10080835	-0.10080835	-0.10080835	-0.10080835	-0.10080835	-0.10080835	-0.10080835	-0.10080835	-0.10080835	-0.10080835	-0.10080835
henan	-0.10032281	-0.10032281	-0.10032281	-0.10032281	-0.10032281	-0.10032281	-0.10032281	-0.10032281	-0.10032281	-0.10032281	-0.10032281	-0.10032281	-0.10032281	-0.10032281	-0.10032281	-0.10032281	-0.10032281	-0.10032281	-0.10032281	-0.10032281	-0.10032281	-0.10032281	-0.10032281	-0.10032281	-0.10032281	-0.10032281	-0.10032281
shanxi	-0.15555607	-0.15555607	-0.15555607	-0.15555607	-0.15555607	-0.15555607	-0.15555607	-0.15555607	-0.15555607	-0.15555607	-0.15555607	-0.15555607	-0.15555607	-0.15555607	-0.15555607	-0.15555607	-0.15555607	-0.15555607	-0.15555607	-0.15555607	-0.15555607	-0.15555607	-0.15555607	-0.15555607	-0.15555607	-0.15555607	-0.15555607
tibet	1.51723063	1.51723063	1.51723063	1.51723063	1.51723063	1.51723063	1.51723063	1.51723063	1.51723063	1.51723063	1.51723063	1.51723063	1.51723063	1.51723063	1.51723063	1.51723063	1.51723063	1.51723063	1.51723063	1.51723063	1.51723063	1.51723063	1.51723063	1.51723063	1.51723063	1.51723063	1.51723063
anhui	-0.24908606	-0.24908606	-0.24908606	-0.24908606	-0.24908606	-0.24908606	-0.24908606	-0.24908606	-0.24908606	-0.24908606	-0.24908606	-0.24908606	-0.24908606	-0.24908606	-0.24908606	-0.24908606	-0.24908606	-0.24908606	-0.24908606	-0.24908606	-0.24908606	-0.24908606	-0.24908606	-0.24908606	-0.24908606	-0.24908606	-0.24908606
guizhou	-0.05777368	-0.05777368	-0.05777368	-0.05777368	-0.05777368	-0.05777368	-0.05777368	-0.05777368	-0.05777368	-0.05777368	-0.05777368	-0.05777368	-0.05777368	-0.05777368	-0.05777368	-0.05777368	-0.05777368	-0.05777368	-0.05777368	-0.05777368	-0.05777368	-0.05777368	-0.05777368	-0.05777368	-0.05777368	-0.05777368	-0.05777368
shanghai	-2.75705557	-2.75705557	-2.75705557	-2.75705557	-2.75705557	-2.75705557	-2.75705557	-2.75705557	-2.75705557	-2.75705557	-2.75705557	-2.75705557	-2.75705557	-2.75705557	-2.75705557	-2.75705557	-2.75705557	-2.75705557	-2.75705557	-2.75705557	-2.75705557	-2.75705557	-2.75705557	-2.75705557	-2.75705557	-2.75705557	-2.75705557
ningxia	-0.84794683	-0.84794683	-0.84794683	-0.84794683	-0.84794683	-0.84794683	-0.84794683	-0.84794683	-0.84794683	-0.84794683	-0.84794683	-0.84794683	-0.84794683	-0.84794683	-0.84794683	-0.84794683	-0.84794683	-0.84794683	-0.84794683	-0.84794683	-0.84794683	-0.84794683	-0.84794683	-0.84794683	-0.84794683	-0.84794683	-0.84794683
california	0.65489264	0.65489264	0.65489264	0.65489264	0.65489264	0.65489264	0.65489264	0.65489264	0.65489264	0.65489264	0.65489264	0.65489264	0.65489264	0.65489264	0.65489264	0.65489264	0.65489264	0.65489264	0.65489264	0.65489264	0.65489264	0.65489264	0.65489264	0.65489264	0.65489264	0.65489264	0.65489264
cambodia	-0.03490927	-0.03490927	-0.03490927	-0.03490927	-0.03490927	-0.03490927	-0.03490927	-0.03490927	-0.03490927	-0.03490927	-0.03490927	-0.03490927	-0.03490927	-0.03490927	-0.03490927	-0.03490927	-0.03490927	-0.03490927	-0.03490927	-0.03490927	-0.03490927	-0.03490927	-0.03490927	-0.03490927	-0.03490927	-0.03490927	-0.03490927
sweden	0.70372977	0.70372977	0.70372977	0.70372977	0.70372977	0.70372977	0.70372977	0.70372977	0.70372977	0.70372977	0.70372977	0.70372977	0.70372977	0.70372977	0.70372977	0.70372977	0.70372977	0.70372977	0.70372977	0.70372977	0.70372977	0.70372977	0.70372977	0.70372977	0.70372977	0.70372977	0.70372977
australia	3.00387970	3.00387970	3.00387970	3.00387970	3.00387970	3.00387970	3.00387970	3.00387970	3.00387970	3.00387970	3.00387970	3.00387970	3.00387970	3.00387970	3.00387970	3.00387970	3.00387970	3.00387970	3.00387970	3.00387970	3.00387970	3.00387970	3.00387970	3.00387970	3.00387970	3.00387970	3.00387970
tunisia	-0.11694703	-0.11694703	-0.11694703	-0.11694703	-0.11694703	-0.11694703	-0.11694703	-0.11694703	-0.11694703	-0.11694703	-0.11694703	-0.11694703	-0.11694703	-0.11694703	-0.11694703	-0.11694703	-0.11694703	-0.11694703	-0.11694703	-0.11694703	-0.11694703	-0.11694703	-0.11694703	-0.11694703	-0.11694703	-0.11694703	-0.11694703
greece	-0.29123608	-0.29123608	-0.29123608	-0.29123608	-0.29123608	-0.29123608	-0.29123608	-0.29123608	-0.29123608	-0.29123608	-0.29123608	-0.29123608	-0.29123608	-0.29123608	-0.29123608	-0.29123608	-0.29123608	-0.29123608	-0.29123608	-0.29123608	-0.29123608	-0.29123608	-0.29123608	-0.29123608	-0.29123608	-0.29123608	-0.29123608
belgium	-1.47357065	-1.47357065	-1.47357065	-1.47357065	-1.47357065	-1.47357065	-1.47357065	-1.47357065	-1.47357065	-1.47357065	-1.47357065	-1.47357065	-1.47357065	-1.47357065	-1.47357065	-1.47357065	-1.47357065	-1.47357065	-1.47357065	-1.47357065	-1.47357065	-1.47357065	-1.47357065	-1.47357065	-1.47357065	-1.47357065	-1.47357065
burkina_faso	0.30163004	0.30163004	0.30163004	0.30163004	0.30163004	0.30163004	0.30163004	0.30163004	0.30163004	0.30163004	0.30163004	0.30163004	0.30163004	0.30163004	0.30163004	0.30163004	0.30163004	0.30163004	0.30163004	0.30163004	0.30163004	0.30163004	0.30163004	0.30163004	0.30163004	0.30163004	0.30163004
united_kingdom	0.20202484	0.20202484	0.20202484	0.20202484	0.20202484	0.20202484	0.20202484	0.20202484	0.20202484	0.20202484	0.20202484	0.20202484	0.20202484	0.20202484	0.20202484	0.20202484	0.20202484	0.20202484	0.20202484	0.20202484	0.20202484	0.20202484	0.20202484	0.20202484	0.20202484	0.20202484	0.20202484
