	hainan	hubei	yunnan	guangdong	jiangsu	zhejiang	hunan	sichuan	shaanxi	heilongjiang	jiangxi	henan	shanxi	tibet	anhui	guizhou	shanghai	ningxia	california	cambodia	sweden	australia	tunisia	greece	belgium	burkina_faso	united_kingdom
hainan	-1.14882524	-1.14882524	-1.14882524	-1.14882524	-1.14882524	-1.14882524	-1.14882524	-1.14882524	-1.14882524	-1.14882524	-1.14882524	-1.14882524	-1.14882524	-1.14882524	-1.14882524	-1.14882524	-1.14882524	-1.14882524	-1.14882524	-1.14882524	-1.14882524	-1.14882524	-1.14882524	-1.14882524	-1.14882524	-1.14882524	-1.14882524
hubei	0.79262030	0.79262030	0.79262030	0.79262030	0.79262030	0.79262030	0.79262030	0.79262030	0.79262030	0.79262030	0.79262030	0.79262030	0.79262030	0.79262030	0.79262030	0.79262030	0.79262030	0.79262030	0.79262030	0.79262030	0.79262030	0.79262030	0.79262030	0.79262030	0.79262030	0.79262030	0.79262030
yunnan	0.55921486	0.55921486	0.55921486	0.55921486	0.55921486	0.55921486	0.55921486	0.55921486	0.55921486	0.55921486	0.55921486	0.55921486	0.55921486	0.55921486	0.55921486	0.55921486	0.55921486	0.55921486	0.55921486	0.55921486	0.55921486	0.55921486	0.55921486	0.55921486	0.55921486	0.55921486	0.55921486
guangdong	1.64523872	1.64523872	1.64523872	1.64523872	1.64523872	1.64523872	1.64523872	1.64523872	1.64523872	1.64523872	1.64523872	1.64523872	1.64523872	1.64523872	1.64523872	1.64523872	1.64523872	1.64523872	1.64523872	1.64523872	1.64523872	1.64523872	1.64523872	1.64523872	1.64523872	1.64523872	1.64523872
jiangsu	1.20645600	1.20645600	1.20645600	1.20645600	1.20645600	1.20645600	1.20645600	1.20645600	1.20645600	1.20645600	1.20645600	1.20645600	1.20645600	1.20645600	1.20645600	1.20645600	1.20645600	1.20645600	1.20645600	1.20645600	1.20645600	1.20645600	1.20645600	1.20645600	1.20645600	1.20645600	1.20645600
zhejiang	0.90613066	0.90613066	0.90613066	0.90613066	0.90613066	0.90613066	0.90613066	0.90613066	0.90613066	0.90613066	0.90613066	0.90613066	0.90613066	0.90613066	0.90613066	0.90613066	0.90613066	0.90613066	0.90613066	0.90613066	0.90613066	0.90613066	0.90613066	0.90613066	0.90613066	0.90613066	0.90613066
hunan	-1.00978818	-1.00978818	-1.00978818	-1.00978818	-1.00978818	-1.00978818	-1.00978818	-1.00978818	-1.00978818	-1.00978818	-1.00978818	-1.00978818	-1.00978818	-1.00978818	-1.00978818	-1.00978818	-1.00978818	-1.00978818	-1.00978818	-1.00978818	-1.00978818	-1.00978818	-1.00978818	-1.00978818	-1.00978818	-1.00978818	-1.00978818
sichuan	1.19226863	1.19226863	1.19226863	1.19226863	1.19226863	1.19226863	1.19226863	1.19226863	1.19226863	1.19226863	1.19226863	1.19226863	1.19226863	1.19226863	1.19226863	1.19226863	1.19226863	1.19226863	1.19226863	1.19226863	1.19226863	1.19226863	1.19226863	1.19226863	1.19226863	1.19226863	1.19226863
shaanxi	0.28964593	0.28964593	0.28964593	0.28964593	0.28964593	0.28964593	0.28964593	0.28964593	0.28964593	0.28964593	0.28964593	0.28964593	0.28964593	0.28964593	0.28964593	0.28964593	0.28964593	0.28964593	0.28964593	0.28964593	0.28964593	0.28964593	0.28964593	0.28964593	0.28964593	0.28964593	0.28964593
heilongjiang	0.12384719	0.12384719	0.12384719	0.12384719	0.12384719	0.12384719	0.12384719	0.12384719	0.12384719	0.12384719	0.12384719	0.12384719	0.12384719	0.12384719	0.12384719	0.12384719	0.12384719	0.12384719	0.12384719	0.12384719	0.12384719	0.12384719	0.12384719	0.12384719	0.12384719	0.12384719	0.12384719
jiangxi	0.51084057	0.51084057	0.51084057	0.51084057	0.51084057	0.51084057	0.51084057	0.51084057	0.51084057	0.51084057	0.51084057	0.51084057	0.51084057	0.51084057	0.51084057	0.51084057	0.51084057	0.51084057	0.51084057	0.51084057	0.51084057	0.51084057	0.51084057	0.51084057	0.51084057	0.51084057	0.51084057
henan	1.37524292	1.37524292	1.37524292	1.37524292	1.37524292	1.37524292	1.37524292	1.37524292	1.37524292	1.37524292	1.37524292	1.37524292	1.37524292	1.37524292	1.37524292	1.37524292	1.37524292	1.37524292	1.37524292	1.37524292	1.37524292	1.37524292	1.37524292	1.37524292	1.37524292	1.37524292	1.37524292
shanxi	0.25933702	0.25933702	0.25933702	0.25933702	0.25933702	0.25933702	0.25933702	0.25933702	0.25933702	0.25933702	0.25933702	0.25933702	0.25933702	0.25933702	0.25933702	0.25933702	0.25933702	0.25933702	0.25933702	0.25933702	0.25933702	0.25933702	0.25933702	0.25933702	0.25933702	0.25933702	0.25933702
tibet	-2.27253816	-2.27253816	-2.27253816	-2.27253816	-2.27253816	-2.27253816	-2.27253816	-2.27253816	-2.27253816	-2.27253816	-2.27253816	-2.27253816	-2.27253816	-2.27253816	-2.27253816	-2.27253816	-2.27253816	-2.27253816	-2.27253816	-2.27253816	-2.27253816	-2.27253816	-2.27253816	-2.27253816	-2.27253816	-2.27253816	-2.27253816
anhui	0.84324411	0.84324411	0.84324411	0.84324411	0.84324411	0.84324411	0.84324411	0.84324411	0.84324411	0.84324411	0.84324411	0.84324411	0.84324411	0.84324411	0.84324411	0.84324411	0.84324411	0.84324411	0.84324411	0.84324411	0.84324411	0.84324411	0.84324411	0.84324411	0.84324411	0.84324411	0.84324411
guizhou	0.33647646	0.33647646	0.33647646	0.33647646	0.33647646	0.33647646	0.33647646	0.33647646	0.33647646	0.33647646	0.33647646	0.33647646	0.33647646	0.33647646	0.33647646	0.33647646	0.33647646	0.33647646	0.33647646	0.33647646	0.33647646	0.33647646	0.33647646	0.33647646	0.33647646	0.33647646	0.33647646
shanghai	-0.14980065	-0.14980065	-0.14980065	-0.14980065	-0.14980065	-0.14980065	-0.14980065	-0.14980065	-0.14980065	-0.14980065	-0.14980065	-0.14980065	-0.14980065	-0.14980065	-0.14980065	-0.14980065	-0.14980065	-0.14980065	-0.14980065	-0.14980065	-0.14980065	-0.14980065	-0.14980065	-0.14980065	-0.14980065	-0.14980065	-0.14980065
ningxia	-1.79903837	-1.79903837	-1.79903837	-1.79903837	-1.79903837	-1.79903837	-1.79903837	-1.79903837	-1.79903837	-1.79903837	-1.79903837	-1.79903837	-1.79903837	-1.79903837	-1.79903837	-1.79903837	-1.79903837	-1.79903837	-1.79903837	-1.79903837	-1.79903837	-1.79903837	-1.79903837	-1.79903837	-1.79903837	-1.79903837	-1.79903837
california	0.36001063	0.36001063	0.36001063	0.36001063	0.36001063	0.36001063	0.36001063	0.36001063	0.36001063	0.36001063	0.36001063	0.36001063	0.36001063	0.36001063	0.36001063	0.36001063	0.36001063	0.36001063	0.36001063	0.36001063	0.36001063	0.36001063	0.36001063	0.36001063	0.36001063	0.36001063	0.36001063
cambodia	-0.52977490	-0.52977490	-0.52977490	-0.52977490	-0.52977490	-0.52977490	-0.52977490	-0.52977490	-0.52977490	-0.52977490	-0.52977490	-0.52977490	-0.52977490	-0.52977490	-0.52977490	-0.52977490	-0.52977490	-0.52977490	-0.52977490	-0.52977490	-0.52977490	-0.52977490	-0.52977490	-0.52977490	-0.52977490	-0.52977490	-0.52977490
sweden	-1.09422634	-1.09422634	-1.09422634	-1.09422634	-1.09422634	-1.09422634	-1.09422634	-1.09422634	-1.09422634	-1.09422634	-1.09422634	-1.09422634	-1.09422634	-1.09422634	-1.09422634	-1.09422634	-1.09422634	-1.09422634	-1.09422634	-1.09422634	-1.09422634	-1.09422634	-1.09422634	-1.09422634	-1.09422634	-1.09422634	-1.09422634
australia	-0.06836221	-0.06836221	-0.06836221	-0.06836221	-0.06836221	-0.06836221	-0.06836221	-0.06836221	-0.06836221	-0.06836221	-0.06836221	-0.06836221	-0.06836221	-0.06836221	-0.06836221	-0.06836221	-0.06836221	-0.06836221	-0.06836221	-0.06836221	-0.06836221	-0.06836221	-0.06836221	-0.06836221	-0.06836221	-0.06836221	-0.06836221
tunisia	-0.95135486	-0.95135486	-0.95135486	-0.95135486	-0.95135486	-0.95135486	-0.95135486	-0.95135486	-0.95135486	-0.95135486	-0.95135486	-0.95135486	-0.95135486	-0.95135486	-0.95135486	-0.95135486	-0.95135486	-0.95135486	-0.95135486	-0.95135486	-0.95135486	-0.95135486	-0.95135486	-0.95135486	-0.95135486	-0.95135486	-0.95135486
greece	-1.10788987	-1.10788987	-1.10788987	-1.10788987	-1.10788987	-1.10788987	-1.10788987	-1.10788987	-1.10788987	-1.10788987	-1.10788987	-1.10788987	-1.10788987	-1.10788987	-1.10788987	-1.10788987	-1.10788987	-1.10788987	-1.10788987	-1.10788987	-1.10788987	-1.10788987	-1.10788987	-1.10788987	-1.10788987	-1.10788987	-1.10788987
belgium	-1.00303418	-1.00303418	-1.00303418	-1.00303418	-1.00303418	-1.00303418	-1.00303418	-1.00303418	-1.00303418	-1.00303418	-1.00303418	-1.00303418	-1.00303418	-1.00303418	-1.00303418	-1.00303418	-1.00303418	-1.00303418	-1.00303418	-1.00303418	-1.00303418	-1.00303418	-1.00303418	-1.00303418	-1.00303418	-1.00303418	-1.00303418
burkina_faso	-0.23627061	-0.23627061	-0.23627061	-0.23627061	-0.23627061	-0.23627061	-0.23627061	-0.23627061	-0.23627061	-0.23627061	-0.23627061	-0.23627061	-0.23627061	-0.23627061	-0.23627061	-0.23627061	-0.23627061	-0.23627061	-0.23627061	-0.23627061	-0.23627061	-0.23627061	-0.23627061	-0.23627061	-0.23627061	-0.23627061	-0.23627061
united_kingdom	0.97032957	0.97032957	0.97032957	0.97032957	0.97032957	0.97032957	0.97032957	0.97032957	0.97032957	0.97032957	0.97032957	0.97032957	0.97032957	0.97032957	0.97032957	0.97032957	0.97032957	0.97032957	0.97032957	0.97032957	0.97032957	0.97032957	0.97032957	0.97032957	0.97032957	0.97032957	0.97032957
