	hainan	hubei	yunnan	guangdong	jiangsu	zhejiang	hunan	sichuan	shaanxi	heilongjiang	jiangxi	henan	shanxi	tibet	anhui	guizhou	shanghai	ningxia	california	cambodia	sweden	australia	tunisia	greece	belgium	burkina_faso	united_kingdom
hainan	-0.23475390	-0.23475390	-0.23475390	-0.23475390	-0.23475390	-0.23475390	-0.23475390	-0.23475390	-0.23475390	-0.23475390	-0.23475390	-0.23475390	-0.23475390	-0.23475390	-0.23475390	-0.23475390	-0.23475390	-0.23475390	-0.23475390	-0.23475390	-0.23475390	-0.23475390	-0.23475390	-0.23475390	-0.23475390	-0.23475390	-0.23475390
hubei	0.73251787	0.73251787	0.73251787	0.73251787	0.73251787	0.73251787	0.73251787	0.73251787	0.73251787	0.73251787	0.73251787	0.73251787	0.73251787	0.73251787	0.73251787	0.73251787	0.73251787	0.73251787	0.73251787	0.73251787	0.73251787	0.73251787	0.73251787	0.73251787	0.73251787	0.73251787	0.73251787
yunnan	0.21068927	0.21068927	0.21068927	0.21068927	0.21068927	0.21068927	0.21068927	0.21068927	0.21068927	0.21068927	0.21068927	0.21068927	0.21068927	0.21068927	0.21068927	0.21068927	0.21068927	0.21068927	0.21068927	0.21068927	0.21068927	0.21068927	0.21068927	0.21068927	0.21068927	0.21068927	0.21068927
guangdong	0.00832842	0.00832842	0.00832842	0.00832842	0.00832842	0.00832842	0.00832842	0.00832842	0.00832842	0.00832842	0.00832842	0.00832842	0.00832842	0.00832842	0.00832842	0.00832842	0.00832842	0.00832842	0.00832842	0.00832842	0.00832842	0.00832842	0.00832842	0.00832842	0.00832842	0.00832842	0.00832842
jiangsu	0.79161981	0.79161981	0.79161981	0.79161981	0.79161981	0.79161981	0.79161981	0.79161981	0.79161981	0.79161981	0.79161981	0.79161981	0.79161981	0.79161981	0.79161981	0.79161981	0.79161981	0.79161981	0.79161981	0.79161981	0.79161981	0.79161981	0.79161981	0.79161981	0.79161981	0.79161981	0.79161981
zhejiang	-0.72591379	-0.72591379	-0.72591379	-0.72591379	-0.72591379	-0.72591379	-0.72591379	-0.72591379	-0.72591379	-0.72591379	-0.72591379	-0.72591379	-0.72591379	-0.72591379	-0.72591379	-0.72591379	-0.72591379	-0.72591379	-0.72591379	-0.72591379	-0.72591379	-0.72591379	-0.72591379	-0.72591379	-0.72591379	-0.72591379	-0.72591379
hunan	0.53565068	0.53565068	0.53565068	0.53565068	0.53565068	0.53565068	0.53565068	0.53565068	0.53565068	0.53565068	0.53565068	0.53565068	0.53565068	0.53565068	0.53565068	0.53565068	0.53565068	0.53565068	0.53565068	0.53565068	0.53565068	0.53565068	0.53565068	0.53565068	0.53565068	0.53565068	0.53565068
sichuan	0.60488948	0.60488948	0.60488948	0.60488948	0.60488948	0.60488948	0.60488948	0.60488948	0.60488948	0.60488948	0.60488948	0.60488948	0.60488948	0.60488948	0.60488948	0.60488948	0.60488948	0.60488948	0.60488948	0.60488948	0.60488948	0.60488948	0.60488948	0.60488948	0.60488948	0.60488948	0.60488948
shaanxi	0.90181841	0.90181841	0.90181841	0.90181841	0.90181841	0.90181841	0.90181841	0.90181841	0.90181841	0.90181841	0.90181841	0.90181841	0.90181841	0.90181841	0.90181841	0.90181841	0.90181841	0.90181841	0.90181841	0.90181841	0.90181841	0.90181841	0.90181841	0.90181841	0.90181841	0.90181841	0.90181841
heilongjiang	1.09604937	1.09604937	1.09604937	1.09604937	1.09604937	1.09604937	1.09604937	1.09604937	1.09604937	1.09604937	1.09604937	1.09604937	1.09604937	1.09604937	1.09604937	1.09604937	1.09604937	1.09604937	1.09604937	1.09604937	1.09604937	1.09604937	1.09604937	1.09604937	1.09604937	1.09604937	1.09604937
jiangxi	-1.21707368	-1.21707368	-1.21707368	-1.21707368	-1.21707368	-1.21707368	-1.21707368	-1.21707368	-1.21707368	-1.21707368	-1.21707368	-1.21707368	-1.21707368	-1.21707368	-1.21707368	-1.21707368	-1.21707368	-1.21707368	-1.21707368	-1.21707368	-1.21707368	-1.21707368	-1.21707368	-1.21707368	-1.21707368	-1.21707368	-1.21707368
henan	0.95337297	0.95337297	0.95337297	0.95337297	0.95337297	0.95337297	0.95337297	0.95337297	0.95337297	0.95337297	0.95337297	0.95337297	0.95337297	0.95337297	0.95337297	0.95337297	0.95337297	0.95337297	0.95337297	0.95337297	0.95337297	0.95337297	0.95337297	0.95337297	0.95337297	0.95337297	0.95337297
shanxi	1.05033265	1.05033265	1.05033265	1.05033265	1.05033265	1.05033265	1.05033265	1.05033265	1.05033265	1.05033265	1.05033265	1.05033265	1.05033265	1.05033265	1.05033265	1.05033265	1.05033265	1.05033265	1.05033265	1.05033265	1.05033265	1.05033265	1.05033265	1.05033265	1.05033265	1.05033265	1.05033265
tibet	0.67038378	0.67038378	0.67038378	0.67038378	0.67038378	0.67038378	0.67038378	0.67038378	0.67038378	0.67038378	0.67038378	0.67038378	0.67038378	0.67038378	0.67038378	0.67038378	0.67038378	0.67038378	0.67038378	0.67038378	0.67038378	0.67038378	0.67038378	0.67038378	0.67038378	0.67038378	0.67038378
anhui	-0.94676888	-0.94676888	-0.94676888	-0.94676888	-0.94676888	-0.94676888	-0.94676888	-0.94676888	-0.94676888	-0.94676888	-0.94676888	-0.94676888	-0.94676888	-0.94676888	-0.94676888	-0.94676888	-0.94676888	-0.94676888	-0.94676888	-0.94676888	-0.94676888	-0.94676888	-0.94676888	-0.94676888	-0.94676888	-0.94676888	-0.94676888
guizhou	-2.05671705	-2.05671705	-2.05671705	-2.05671705	-2.05671705	-2.05671705	-2.05671705	-2.05671705	-2.05671705	-2.05671705	-2.05671705	-2.05671705	-2.05671705	-2.05671705	-2.05671705	-2.05671705	-2.05671705	-2.05671705	-2.05671705	-2.05671705	-2.05671705	-2.05671705	-2.05671705	-2.05671705	-2.05671705	-2.05671705	-2.05671705
shanghai	-2.89636043	-2.89636043	-2.89636043	-2.89636043	-2.89636043	-2.89636043	-2.89636043	-2.89636043	-2.89636043	-2.89636043	-2.89636043	-2.89636043	-2.89636043	-2.89636043	-2.89636043	-2.89636043	-2.89636043	-2.89636043	-2.89636043	-2.89636043	-2.89636043	-2.89636043	-2.89636043	-2.89636043	-2.89636043	-2.89636043	-2.89636043
ningxia	1.00282267	1.00282267	1.00282267	1.00282267	1.00282267	1.00282267	1.00282267	1.00282267	1.00282267	1.00282267	1.00282267	1.00282267	1.00282267	1.00282267	1.00282267	1.00282267	1.00282267	1.00282267	1.00282267	1.00282267	1.00282267	1.00282267	1.00282267	1.00282267	1.00282267	1.00282267	1.00282267
california	0.84797180	0.84797180	0.84797180	0.84797180	0.84797180	0.84797180	0.84797180	0.84797180	0.84797180	0.84797180	0.84797180	0.84797180	0.84797180	0.84797180	0.84797180	0.84797180	0.84797180	0.84797180	0.84797180	0.84797180	0.84797180	0.84797180	0.84797180	0.84797180	0.84797180	0.84797180	0.84797180
cambodia	-0.53918346	-0.53918346	-0.53918346	-0.53918346	-0.53918346	-0.53918346	-0.53918346	-0.53918346	-0.53918346	-0.53918346	-0.53918346	-0.53918346	-0.53918346	-0.53918346	-0.53918346	-0.53918346	-0.53918346	-0.53918346	-0.53918346	-0.53918346	-0.53918346	-0.53918346	-0.53918346	-0.53918346	-0.53918346	-0.53918346	-0.53918346
sweden	0.46221308	0.46221308	0.46221308	0.46221308	0.46221308	0.46221308	0.46221308	0.46221308	0.46221308	0.46221308	0.46221308	0.46221308	0.46221308	0.46221308	0.46221308	0.46221308	0.46221308	0.46221308	0.46221308	0.46221308	0.46221308	0.46221308	0.46221308	0.46221308	0.46221308	0.46221308	0.46221308
australia	0.11372959	0.11372959	0.11372959	0.11372959	0.11372959	0.11372959	0.11372959	0.11372959	0.11372959	0.11372959	0.11372959	0.11372959	0.11372959	0.11372959	0.11372959	0.11372959	0.11372959	0.11372959	0.11372959	0.11372959	0.11372959	0.11372959	0.11372959	0.11372959	0.11372959	0.11372959	0.11372959
tunisia	0.38403439	0.38403439	0.38403439	0.38403439	0.38403439	0.38403439	0.38403439	0.38403439	0.38403439	0.38403439	0.38403439	0.38403439	0.38403439	0.38403439	0.38403439	0.38403439	0.38403439	0.38403439	0.38403439	0.38403439	0.38403439	0.38403439	0.38403439	0.38403439	0.38403439	0.38403439	0.38403439
greece	0.30045992	0.30045992	0.30045992	0.30045992	0.30045992	0.30045992	0.30045992	0.30045992	0.30045992	0.30045992	0.30045992	0.30045992	0.30045992	0.30045992	0.30045992	0.30045992	0.30045992	0.30045992	0.30045992	0.30045992	0.30045992	0.30045992	0.30045992	0.30045992	0.30045992	0.30045992	0.30045992
belgium	-0.10712550	-0.10712550	-0.10712550	-0.10712550	-0.10712550	-0.10712550	-0.10712550	-0.10712550	-0.10712550	-0.10712550	-0.10712550	-0.10712550	-0.10712550	-0.10712550	-0.10712550	-0.10712550	-0.10712550	-0.10712550	-0.10712550	-0.10712550	-0.10712550	-0.10712550	-0.10712550	-0.10712550	-0.10712550	-0.10712550	-0.10712550
burkina_faso	-1.56555716	-1.56555716	-1.56555716	-1.56555716	-1.56555716	-1.56555716	-1.56555716	-1.56555716	-1.56555716	-1.56555716	-1.56555716	-1.56555716	-1.56555716	-1.56555716	-1.56555716	-1.56555716	-1.56555716	-1.56555716	-1.56555716	-1.56555716	-1.56555716	-1.56555716	-1.56555716	-1.56555716	-1.56555716	-1.56555716	-1.56555716
united_kingdom	-0.37743030	-0.37743030	-0.37743030	-0.37743030	-0.37743030	-0.37743030	-0.37743030	-0.37743030	-0.37743030	-0.37743030	-0.37743030	-0.37743030	-0.37743030	-0.37743030	-0.37743030	-0.37743030	-0.37743030	-0.37743030	-0.37743030	-0.37743030	-0.37743030	-0.37743030	-0.37743030	-0.37743030	-0.37743030	-0.37743030	-0.37743030
