	australia	sweden	california	tunisia	greece	belgium	tibet	cambodia	burkina_faso	united_kingdom	hubei	jiangsu	hainan	yunnan	guangdong	heilongjiang	henan	hunan	ningxia	shaanxi	shanxi	anhui	guizhou	jiangxi	zhejiang	sichuan	shanghai
australia	1.26435101	1.26435101	1.26435101	1.26435101	1.26435101	1.26435101	1.26435101	1.26435101	1.26435101	1.26435101	1.26435101	1.26435101	1.26435101	1.26435101	1.26435101	1.26435101	1.26435101	1.26435101	1.26435101	1.26435101	1.26435101	1.26435101	1.26435101	1.26435101	1.26435101	1.26435101	1.26435101
sweden	-0.46303761	-0.46303761	-0.46303761	-0.46303761	-0.46303761	-0.46303761	-0.46303761	-0.46303761	-0.46303761	-0.46303761	-0.46303761	-0.46303761	-0.46303761	-0.46303761	-0.46303761	-0.46303761	-0.46303761	-0.46303761	-0.46303761	-0.46303761	-0.46303761	-0.46303761	-0.46303761	-0.46303761	-0.46303761	-0.46303761	-0.46303761
california	1.68667209	1.68667209	1.68667209	1.68667209	1.68667209	1.68667209	1.68667209	1.68667209	1.68667209	1.68667209	1.68667209	1.68667209	1.68667209	1.68667209	1.68667209	1.68667209	1.68667209	1.68667209	1.68667209	1.68667209	1.68667209	1.68667209	1.68667209	1.68667209	1.68667209	1.68667209	1.68667209
tunisia	-1.25909674	-1.25909674	-1.25909674	-1.25909674	-1.25909674	-1.25909674	-1.25909674	-1.25909674	-1.25909674	-1.25909674	-1.25909674	-1.25909674	-1.25909674	-1.25909674	-1.25909674	-1.25909674	-1.25909674	-1.25909674	-1.25909674	-1.25909674	-1.25909674	-1.25909674	-1.25909674	-1.25909674	-1.25909674	-1.25909674	-1.25909674
greece	-1.25909674	-1.25909674	-1.25909674	-1.25909674	-1.25909674	-1.25909674	-1.25909674	-1.25909674	-1.25909674	-1.25909674	-1.25909674	-1.25909674	-1.25909674	-1.25909674	-1.25909674	-1.25909674	-1.25909674	-1.25909674	-1.25909674	-1.25909674	-1.25909674	-1.25909674	-1.25909674	-1.25909674	-1.25909674	-1.25909674	-1.25909674
belgium	0.58929532	0.58929532	0.58929532	0.58929532	0.58929532	0.58929532	0.58929532	0.58929532	0.58929532	0.58929532	0.58929532	0.58929532	0.58929532	0.58929532	0.58929532	0.58929532	0.58929532	0.58929532	0.58929532	0.58929532	0.58929532	0.58929532	0.58929532	0.58929532	0.58929532	0.58929532	0.58929532
tibet	-1.25909674	-1.25909674	-1.25909674	-1.25909674	-1.25909674	-1.25909674	-1.25909674	-1.25909674	-1.25909674	-1.25909674	-1.25909674	-1.25909674	-1.25909674	-1.25909674	-1.25909674	-1.25909674	-1.25909674	-1.25909674	-1.25909674	-1.25909674	-1.25909674	-1.25909674	-1.25909674	-1.25909674	-1.25909674	-1.25909674	-1.25909674
cambodia	2.12250475	2.12250475	2.12250475	2.12250475	2.12250475	2.12250475	2.12250475	2.12250475	2.12250475	2.12250475	2.12250475	2.12250475	2.12250475	2.12250475	2.12250475	2.12250475	2.12250475	2.12250475	2.12250475	2.12250475	2.12250475	2.12250475	2.12250475	2.12250475	2.12250475	2.12250475	2.12250475
burkina_faso	0.79868627	0.79868627	0.79868627	0.79868627	0.79868627	0.79868627	0.79868627	0.79868627	0.79868627	0.79868627	0.79868627	0.79868627	0.79868627	0.79868627	0.79868627	0.79868627	0.79868627	0.79868627	0.79868627	0.79868627	0.79868627	0.79868627	0.79868627	0.79868627	0.79868627	0.79868627	0.79868627
united_kingdom	-1.25909674	-1.25909674	-1.25909674	-1.25909674	-1.25909674	-1.25909674	-1.25909674	-1.25909674	-1.25909674	-1.25909674	-1.25909674	-1.25909674	-1.25909674	-1.25909674	-1.25909674	-1.25909674	-1.25909674	-1.25909674	-1.25909674	-1.25909674	-1.25909674	-1.25909674	-1.25909674	-1.25909674	-1.25909674	-1.25909674	-1.25909674
hubei	0.00262713	0.00262713	0.00262713	0.00262713	0.00262713	0.00262713	0.00262713	0.00262713	0.00262713	0.00262713	0.00262713	0.00262713	0.00262713	0.00262713	0.00262713	0.00262713	0.00262713	0.00262713	0.00262713	0.00262713	0.00262713	0.00262713	0.00262713	0.00262713	0.00262713	0.00262713	0.00262713
jiangsu	0.00262713	0.00262713	0.00262713	0.00262713	0.00262713	0.00262713	0.00262713	0.00262713	0.00262713	0.00262713	0.00262713	0.00262713	0.00262713	0.00262713	0.00262713	0.00262713	0.00262713	0.00262713	0.00262713	0.00262713	0.00262713	0.00262713	0.00262713	0.00262713	0.00262713	0.00262713	0.00262713
hainan	1.26435101	1.26435101	1.26435101	1.26435101	1.26435101	1.26435101	1.26435101	1.26435101	1.26435101	1.26435101	1.26435101	1.26435101	1.26435101	1.26435101	1.26435101	1.26435101	1.26435101	1.26435101	1.26435101	1.26435101	1.26435101	1.26435101	1.26435101	1.26435101	1.26435101	1.26435101	1.26435101
yunnan	1.92513979	1.92513979	1.92513979	1.92513979	1.92513979	1.92513979	1.92513979	1.92513979	1.92513979	1.92513979	1.92513979	1.92513979	1.92513979	1.92513979	1.92513979	1.92513979	1.92513979	1.92513979	1.92513979	1.92513979	1.92513979	1.92513979	1.92513979	1.92513979	1.92513979	1.92513979	1.92513979
guangdong	0.79868627	0.79868627	0.79868627	0.79868627	0.79868627	0.79868627	0.79868627	0.79868627	0.79868627	0.79868627	0.79868627	0.79868627	0.79868627	0.79868627	0.79868627	0.79868627	0.79868627	0.79868627	0.79868627	0.79868627	0.79868627	0.79868627	0.79868627	0.79868627	0.79868627	0.79868627	0.79868627
heilongjiang	0.00262713	0.00262713	0.00262713	0.00262713	0.00262713	0.00262713	0.00262713	0.00262713	0.00262713	0.00262713	0.00262713	0.00262713	0.00262713	0.00262713	0.00262713	0.00262713	0.00262713	0.00262713	0.00262713	0.00262713	0.00262713	0.00262713	0.00262713	0.00262713	0.00262713	0.00262713	0.00262713
henan	-0.46303761	-0.46303761	-0.46303761	-0.46303761	-0.46303761	-0.46303761	-0.46303761	-0.46303761	-0.46303761	-0.46303761	-0.46303761	-0.46303761	-0.46303761	-0.46303761	-0.46303761	-0.46303761	-0.46303761	-0.46303761	-0.46303761	-0.46303761	-0.46303761	-0.46303761	-0.46303761	-0.46303761	-0.46303761	-0.46303761	-0.46303761
hunan	-0.46303761	-0.46303761	-0.46303761	-0.46303761	-0.46303761	-0.46303761	-0.46303761	-0.46303761	-0.46303761	-0.46303761	-0.46303761	-0.46303761	-0.46303761	-0.46303761	-0.46303761	-0.46303761	-0.46303761	-0.46303761	-0.46303761	-0.46303761	-0.46303761	-0.46303761	-0.46303761	-0.46303761	-0.46303761	-0.46303761	-0.46303761
ningxia	-0.46303761	-0.46303761	-0.46303761	-0.46303761	-0.46303761	-0.46303761	-0.46303761	-0.46303761	-0.46303761	-0.46303761	-0.46303761	-0.46303761	-0.46303761	-0.46303761	-0.46303761	-0.46303761	-0.46303761	-0.46303761	-0.46303761	-0.46303761	-0.46303761	-0.46303761	-0.46303761	-0.46303761	-0.46303761	-0.46303761	-0.46303761
shaanxi	0.00262713	0.00262713	0.00262713	0.00262713	0.00262713	0.00262713	0.00262713	0.00262713	0.00262713	0.00262713	0.00262713	0.00262713	0.00262713	0.00262713	0.00262713	0.00262713	0.00262713	0.00262713	0.00262713	0.00262713	0.00262713	0.00262713	0.00262713	0.00262713	0.00262713	0.00262713	0.00262713
shanxi	0.33302152	0.33302152	0.33302152	0.33302152	0.33302152	0.33302152	0.33302152	0.33302152	0.33302152	0.33302152	0.33302152	0.33302152	0.33302152	0.33302152	0.33302152	0.33302152	0.33302152	0.33302152	0.33302152	0.33302152	0.33302152	0.33302152	0.33302152	0.33302152	0.33302152	0.33302152	0.33302152
anhui	-1.25909674	-1.25909674	-1.25909674	-1.25909674	-1.25909674	-1.25909674	-1.25909674	-1.25909674	-1.25909674	-1.25909674	-1.25909674	-1.25909674	-1.25909674	-1.25909674	-1.25909674	-1.25909674	-1.25909674	-1.25909674	-1.25909674	-1.25909674	-1.25909674	-1.25909674	-1.25909674	-1.25909674	-1.25909674	-1.25909674	-1.25909674
guizhou	-0.46303761	-0.46303761	-0.46303761	-0.46303761	-0.46303761	-0.46303761	-0.46303761	-0.46303761	-0.46303761	-0.46303761	-0.46303761	-0.46303761	-0.46303761	-0.46303761	-0.46303761	-0.46303761	-0.46303761	-0.46303761	-0.46303761	-0.46303761	-0.46303761	-0.46303761	-0.46303761	-0.46303761	-0.46303761	-0.46303761	-0.46303761
jiangxi	-1.25909674	-1.25909674	-1.25909674	-1.25909674	-1.25909674	-1.25909674	-1.25909674	-1.25909674	-1.25909674	-1.25909674	-1.25909674	-1.25909674	-1.25909674	-1.25909674	-1.25909674	-1.25909674	-1.25909674	-1.25909674	-1.25909674	-1.25909674	-1.25909674	-1.25909674	-1.25909674	-1.25909674	-1.25909674	-1.25909674	-1.25909674
zhejiang	-0.46303761	-0.46303761	-0.46303761	-0.46303761	-0.46303761	-0.46303761	-0.46303761	-0.46303761	-0.46303761	-0.46303761	-0.46303761	-0.46303761	-0.46303761	-0.46303761	-0.46303761	-0.46303761	-0.46303761	-0.46303761	-0.46303761	-0.46303761	-0.46303761	-0.46303761	-0.46303761	-0.46303761	-0.46303761	-0.46303761	-0.46303761
sichuan	-0.46303761	-0.46303761	-0.46303761	-0.46303761	-0.46303761	-0.46303761	-0.46303761	-0.46303761	-0.46303761	-0.46303761	-0.46303761	-0.46303761	-0.46303761	-0.46303761	-0.46303761	-0.46303761	-0.46303761	-0.46303761	-0.46303761	-0.46303761	-0.46303761	-0.46303761	-0.46303761	-0.46303761	-0.46303761	-0.46303761	-0.46303761
shanghai	0.00262713	0.00262713	0.00262713	0.00262713	0.00262713	0.00262713	0.00262713	0.00262713	0.00262713	0.00262713	0.00262713	0.00262713	0.00262713	0.00262713	0.00262713	0.00262713	0.00262713	0.00262713	0.00262713	0.00262713	0.00262713	0.00262713	0.00262713	0.00262713	0.00262713	0.00262713	0.00262713
